61 1688
31 31 31 31 31 31 31 31 22 31 31 31 31 31 31 9 9 9 9 30 30 30 30 30 30 30 30 30 30 31 31 31 31 31 9 9 9 9 9 9 9 9 9 9 9 9 9 31 35 35 35 35 35 35 35 35 35 35 35 35 31
31 31 31 31 31 31 31 31 22 31 31 31 31 45 45 9 9 50 50 50 50 50 50 50 50 50 50 50 50 31 31 31 31 6 9 9 9 9 9 9 9 9 9 9 9 9 9 31 35 35 35 35 35 35 35 35 35 35 35 35 31
31 31 31 31 9 9 9 9 22 9 9 9 31 45 45 9 9 50 50 50 50 50 50 50 50 50 50 50 50 4 31 31 31 6 6 6 6 6 6 6 6 6 6 6 15 15 15 31 35 35 35 35 35 35 23 23 35 35 35 35 31
31 31 31 31 9 9 9 9 22 9 9 9 31 45 45 9 9 50 50 50 50 50 50 50 50 50 50 50 50 4 31 45 45 6 6 6 6 6 6 6 6 6 6 6 15 15 15 10 10 10 10 10 10 10 23 23 35 35 35 35 31
31 31 31 31 9 9 9 9 17 17 17 4 4 4 4 4 4 50 50 50 50 50 50 50 50 50 50 50 50 4 31 45 45 6 6 6 6 6 6 6 6 6 6 6 6 6 6 10 10 10 10 10 10 10 6 23 35 35 35 35 31
31 31 31 31 9 9 8 8 17 17 17 4 4 4 4 4 4 50 50 50 50 50 50 50 50 50 50 50 50 4 31 45 45 6 6 6 6 6 6 6 6 6 6 6 6 6 6 10 10 10 10 10 10 10 6 23 31 31 31 31 31
31 31 31 31 9 9 8 8 17 17 17 4 4 4 4 4 4 50 50 50 50 50 50 50 50 50 50 50 50 4 47 45 45 6 45 45 45 45 45 45 45 45 45 45 45 45 45 45 45 10 10 10 10 10 6 23 31 31 31 31 31
31 31 31 31 9 9 8 8 17 17 17 4 4 4 4 4 4 50 50 50 50 50 50 50 50 50 50 50 50 4 47 45 45 16 45 45 45 45 45 45 45 45 45 45 45 45 45 45 45 10 10 10 10 10 6 23 31 31 31 31 31
31 31 31 31 9 9 8 8 17 17 17 4 4 4 4 4 4 50 50 50 50 50 50 50 50 50 50 50 50 4 47 45 45 16 45 45 45 45 45 45 45 45 45 45 45 45 45 45 45 10 10 10 10 10 6 23 31 31 31 31 31
31 31 31 31 9 9 8 8 17 17 17 4 4 4 4 4 4 50 50 50 50 50 50 50 50 50 50 50 50 4 47 45 45 16 45 45 45 45 45 45 45 45 45 45 45 45 45 45 45 10 10 10 10 10 6 23 31 31 31 31 31
31 31 31 31 9 9 8 8 17 17 17 4 4 4 4 4 4 50 50 50 50 50 50 50 50 50 50 50 50 4 47 45 45 16 45 45 45 45 45 45 45 45 45 45 45 45 45 45 45 10 10 10 10 10 23 23 4 31 31 31 31
31 31 31 31 9 9 8 8 17 17 17 4 4 4 4 4 4 50 50 50 50 50 50 50 50 50 50 50 50 31 46 45 45 16 45 45 45 45 45 45 45 45 45 45 45 45 45 45 45 35 35 35 35 35 23 23 4 31 31 31 31
31 31 31 31 9 9 8 8 17 17 17 4 4 4 4 4 4 50 50 50 50 50 50 50 50 50 50 50 50 31 46 45 45 16 45 45 45 45 45 45 45 45 45 45 45 45 45 45 45 35 35 35 35 35 23 23 4 31 31 31 31
31 31 31 31 9 9 8 8 17 17 17 4 4 4 4 4 4 50 50 50 50 50 50 50 50 50 50 50 50 31 46 45 45 16 45 45 45 45 45 45 45 45 45 45 45 45 45 45 45 35 35 35 35 35 23 23 34 34 34 34 34
31 31 31 31 11 11 11 11 17 17 17 4 4 4 4 4 4 4 4 4 4 31 31 31 31 31 31 31 31 31 46 45 45 16 6 6 6 17 17 17 17 17 35 35 35 35 35 35 35 35 35 35 35 35 23 23 34 34 34 34 34
31 31 31 31 11 11 11 11 17 17 17 4 4 4 4 4 4 4 4 4 4 31 31 31 31 31 31 31 31 31 40 45 45 16 6 6 6 6 6 6 6 6 6 6 39 39 39 10 10 10 10 10 10 10 23 23 34 34 34 34 34
31 31 31 31 11 11 11 11 17 17 17 21 21 21 21 21 21 21 21 21 21 31 31 31 31 31 31 31 31 31 40 45 45 16 30 30 30 30 30 30 30 30 30 30 30 30 30 30 30 30 30 12 12 12 34 34 34 34 34 34 34
31 31 31 31 11 11 11 11 17 17 17 21 21 21 21 21 21 21 21 21 21 31 31 31 31 31 31 31 31 31 40 28 45 16 30 30 30 30 30 30 30 30 30 30 30 30 30 30 30 30 30 15 12 12 34 34 34 34 34 34 34
31 31 31 31 11 11 11 11 2 2 2 2 2 8 8 47 47 47 47 47 47 31 31 31 31 31 31 31 31 31 40 37 37 37 30 30 30 30 30 30 30 30 30 30 30 30 30 30 30 30 30 15 12 12 34 34 34 34 34 34 34
31 31 31 31 11 11 11 11 2 2 2 2 2 16 16 16 16 16 47 31 31 31 31 31 31 31 31 31 31 31 24 37 37 37 30 30 30 30 30 30 30 30 30 30 30 30 30 30 30 30 30 15 28 12 34 34 34 34 34 34 34
31 31 31 31 11 11 11 11 2 1 1 1 1 1 1 1 1 1 1 1 1 31 31 31 31 31 31 31 31 31 23 23 23 23 23 23 23 23 23 23 23 23 23 30 30 30 30 30 30 30 30 15 28 12 34 34 34 34 34 34 34
31 31 31 31 11 50 50 50 50 1 1 1 1 1 1 1 1 1 1 1 1 31 31 31 31 31 31 31 31 31 23 23 23 23 23 23 23 23 23 23 23 23 23 30 30 30 30 30 30 30 30 15 28 12 34 34 34 34 34 34 34
31 31 31 31 31 50 50 50 50 50 50 50 50 41 41 41 41 41 41 47 47 31 31 31 31 31 31 31 31 31 23 23 23 23 23 23 23 23 23 23 23 23 23 30 30 30 30 30 30 30 30 15 28 12 34 34 34 34 34 34 34
31 31 31 31 31 31 2 2 20 20 20 20 20 20 20 20 20 20 29 29 29 31 31 31 31 31 31 31 31 31 23 23 23 23 23 23 23 23 23 23 23 23 23 50 50 50 50 50 30 30 30 30 30 30 34 34 34 34 34 34 34
31 31 31 31 31 31 2 2 2 2 2 2 29 29 29 29 29 29 29 29 29 29 23 23 23 23 23 23 23 23 23 23 23 23 23 23 23 23 23 23 23 23 23 50 50 50 50 50 30 30 30 30 30 30 34 34 34 34 34 34 34
31 31 31 31 31 31 2 2 43 43 43 43 43 43 43 43 43 43 43 43 29 29 23 23 23 23 23 23 23 23 23 23 23 23 23 23 23 23 23 23 23 23 23 50 50 50 50 50 30 30 30 30 30 30 34 34 34 34 34 34 34
31 31 31 31 31 31 2 2 43 43 43 43 43 43 43 43 43 43 43 43 29 29 23 23 23 23 23 23 23 23 23 23 23 23 23 23 23 23 23 23 23 23 23 50 50 50 50 50 30 30 30 30 30 30 34 34 34 34 34 34 34
31 31 10 10 10 10 2 2 43 43 43 43 43 43 43 43 43 43 43 43 11 11 23 23 23 23 23 23 23 23 23 23 23 23 23 23 23 23 23 23 23 23 23 50 50 50 50 50 30 30 30 30 30 30 36 36 31 31 31 31 31
31 31 10 10 10 10 2 2 43 43 43 43 43 43 43 43 43 43 43 43 11 11 23 23 23 23 23 23 23 23 23 23 23 23 23 23 23 23 23 23 23 23 23 50 39 39 39 39 30 30 30 30 30 30 36 36 31 31 31 31 31
41 49 49 49 49 49 49 49 49 49 49 49 49 49 49 49 43 43 43 43 11 11 23 23 23 23 23 23 23 23 23 23 23 23 23 23 23 23 23 23 23 23 23 50 39 39 39 39 30 30 30 30 30 30 36 36 31 31 31 31 31
41 41 41 13 13 13 13 13 13 13 43 43 43 43 43 43 43 43 43 43 11 11 23 23 23 23 23 23 23 23 23 23 23 23 23 23 23 23 23 23 23 23 23 50 39 39 39 39 30 30 30 30 30 30 36 36 31 31 31 31 31
41 41 41 13 13 13 13 13 13 13 43 43 43 43 43 43 24 24 24 24 11 11 23 23 23 23 23 23 23 23 23 23 23 23 23 23 23 23 23 23 23 23 23 50 39 39 39 39 30 30 30 30 30 30 36 36 31 31 31 31 31
41 41 41 13 13 13 13 13 13 13 13 13 13 13 41 24 24 24 24 24 11 11 23 23 23 23 23 23 23 23 23 23 23 23 23 23 23 23 23 23 23 23 23 50 39 39 39 39 30 30 30 30 30 30 36 36 31 31 31 31 31
41 41 41 13 13 13 13 13 13 13 13 13 13 13 41 24 24 24 24 24 11 11 23 23 23 23 23 23 23 23 23 23 23 23 23 23 23 23 23 23 23 23 23 50 39 39 39 39 30 30 30 30 30 30 31 9 31 31 31 31 31
41 41 41 13 13 13 13 13 13 13 13 13 13 13 41 24 24 24 24 24 11 11 23 23 23 23 23 23 23 23 23 23 23 23 23 23 12 12 12 12 12 12 12 12 39 39 39 39 30 30 30 30 30 30 31 9 31 31 31 31 31
41 41 41 13 13 13 13 13 13 13 13 13 13 13 41 24 24 24 24 24 11 11 23 23 23 23 23 23 23 23 23 23 23 23 23 23 12 12 12 12 12 12 12 12 39 39 39 39 30 30 30 30 30 30 26 9 31 31 31 31 31
41 41 41 13 13 13 13 13 13 13 13 13 13 13 41 24 24 24 24 24 11 11 23 23 23 23 23 23 23 23 23 23 23 23 23 23 12 12 12 12 12 12 12 12 39 39 39 39 30 30 30 30 30 30 26 9 31 31 31 31 31
41 41 41 13 13 13 13 13 13 13 13 13 13 13 41 24 24 24 24 24 11 11 11 11 11 11 11 11 11 49 49 49 49 49 49 49 49 49 49 12 12 12 12 12 39 39 39 39 30 30 30 30 30 30 26 9 31 31 31 31 31
41 41 41 41 41 41 41 41 41 41 41 41 41 41 41 24 24 24 24 24 11 11 11 11 11 11 11 11 11 49 49 49 49 49 49 49 49 49 49 12 12 12 12 12 39 39 39 39 39 39 39 39 39 39 37 9 31 31 31 31 31
41 41 41 41 41 41 41 41 41 41 41 41 41 41 41 24 24 24 24 24 11 11 11 11 11 11 11 11 11 49 49 49 49 49 49 49 49 49 49 12 12 12 12 12 39 39 39 39 39 39 39 39 39 39 37 9 31 31 31 31 31
5 31 46 9 9 9 9 9 9 9 29 29 15 15 24 24 24 24 24 24 43 43 50 50 50 50 50 50 50 49 49 49 49 49 49 49 49 49 49 12 12 12 12 12 39 39 39 39 39 39 39 39 39 39 36 36 31 31 31 31 31
1 1 46 9 9 9 9 9 9 9 29 29 29 29 24 24 24 24 24 24 43 43 50 50 50 50 50 50 37 49 49 49 49 49 49 49 49 49 49 37 37 37 36 36 39 39 39 39 39 39 39 39 39 39 36 36 41 41 31 31 31
1 1 1 9 9 9 9 9 9 9 29 29 29 29 29 29 29 29 10 10 43 40 40 50 50 50 50 50 37 49 49 49 49 49 49 49 49 49 49 37 37 37 36 36 36 36 36 36 36 36 36 36 36 36 36 36 41 41 31 31 31
1 1 1 9 9 9 9 9 9 9 25 25 25 25 25 25 25 25 25 25 25 40 40 50 50 50 50 50 37 49 49 49 49 49 49 49 49 49 49 37 37 37 36 36 36 36 36 36 36 36 36 36 36 36 36 36 41 41 31 31 31
1 28 28 9 9 9 9 9 9 9 25 25 25 25 25 25 25 25 25 25 25 40 40 25 25 25 25 25 19 49 49 49 49 49 49 49 49 49 49 37 37 37 36 36 36 36 36 36 36 36 36 36 36 36 36 36 41 41 31 31 31
31 28 28 9 9 9 9 9 9 9 25 25 25 25 25 25 25 25 25 25 25 40 40 25 25 25 25 25 19 19 37 37 37 37 37 37 37 37 37 37 37 37 36 36 36 36 36 36 36 36 36 36 36 36 36 36 41 41 31 31 31
31 28 28 1 1 1 1 1 1 1 25 25 25 25 25 25 25 25 25 25 25 40 40 25 25 25 25 25 19 19 37 37 37 37 37 37 37 37 37 37 37 37 36 36 36 36 36 36 36 36 36 36 36 36 36 36 41 41 31 31 31
31 41 41 1 1 1 1 1 1 1 25 25 25 25 25 25 25 25 25 25 25 40 40 25 25 25 25 25 19 19 37 37 37 37 37 37 37 37 37 37 37 37 36 36 36 36 36 36 36 36 36 36 36 36 36 36 41 41 31 31 31
31 41 41 1 1 1 1 1 1 1 1 1 1 1 1 1 7 7 7 35 35 40 40 5 5 31 31 31 19 19 37 37 37 37 37 37 37 37 37 37 37 37 36 36 36 36 36 36 36 36 36 36 36 36 36 36 41 41 31 31 31
31 41 41 1 1 1 1 1 1 1 1 1 41 41 11 11 11 11 11 11 11 40 40 5 5 31 31 31 19 19 37 37 37 37 37 37 37 37 37 37 37 37 36 36 36 36 36 36 36 36 36 36 36 36 36 36 41 41 31 31 31
31 41 41 28 28 28 28 28 28 25 25 25 41 41 11 11 11 11 11 11 11 40 40 5 5 43 43 31 19 19 37 41 41 41 41 37 37 37 37 37 37 37 36 36 36 36 36 36 36 36 36 36 36 36 36 36 41 41 31 31 31
31 41 41 28 28 28 28 28 28 25 25 25 41 41 11 11 11 11 11 11 11 40 40 5 5 43 43 31 19 19 37 41 41 41 41 37 37 37 11 37 37 37 36 36 36 36 36 36 36 36 36 36 36 36 36 36 41 41 31 31 31
31 41 41 28 28 28 28 28 28 25 25 25 41 41 41 41 7 7 7 35 35 40 40 5 5 43 43 31 37 37 37 41 41 41 41 37 37 37 37 37 37 37 50 50 50 50 50 50 6 6 31 12 12 12 15 15 31 31 31 31 31
31 41 41 28 28 28 28 28 28 25 25 25 25 25 25 25 7 7 7 35 35 40 40 5 5 31 31 31 31 31 31 41 41 41 41 47 47 47 30 30 30 30 50 50 50 50 50 50 6 6 31 12 12 12 15 15 31 31 31 31 31
31 41 41 28 28 28 28 28 28 25 25 25 25 25 25 25 7 7 7 35 35 40 40 35 35 31 31 31 31 31 31 41 41 41 41 17 17 35 30 30 30 30 30 30 6 6 6 6 6 6 31 12 12 12 15 15 31 31 31 31 31
31 28 28 28 28 28 28 28 28 25 25 25 25 25 25 19 19 19 19 19 19 40 40 35 35 31 31 31 31 31 31 41 41 41 41 18 31 35 30 30 30 30 30 30 31 31 31 31 31 31 31 12 12 12 31 31 12 12 12 12 31
31 28 28 28 28 28 28 28 28 31 31 31 31 31 31 19 19 19 19 19 19 19 35 35 35 31 31 31 31 31 31 41 41 41 41 18 31 35 30 30 30 30 30 30 31 31 31 34 34 34 34 34 34 34 34 34 34 34 34 34 34
31 31 31 31 31 31 31 31 31 31 31 31 31 31 31 19 19 19 19 19 19 19 35 35 35 31 31 31 31 31 31 41 41 41 41 18 31 35 30 30 30 30 30 30 31 31 31 34 34 34 34 34 34 34 34 34 34 34 34 34 34
31 31 31 31 31 31 31 31 31 31 31 31 31 31 31 19 19 19 19 19 19 19 35 35 35 31 31 31 31 31 31 41 41 41 41 31 31 31 31 31 31 30 30 30 31 31 31 34 34 34 34 34 34 34 34 34 34 34 34 34 34
31 31 31 31 31 31 31 31 31 31 31 31 31 31 31 19 19 19 19 19 19 19 35 35 35 31 31 31 31 31 31 18 18 18 18 31 31 31 31 31 31 30 30 30 31 31 31 34 34 34 34 34 34 34 34 34 34 34 34 34 34
31 31 31 31 31 31 31 31 31 31 31 31 31 31 31 19 19 19 19 19 19 19 31 31 31 31 31 31 31 31 31 18 18 18 18 31 31 31 31 31 31 30 30 30 31 31 31 34 34 34 34 34 34 34 34 34 34 34 34 34 34
54 41
17 45
34 40
3 11
7 14
45 12
44 4
19 20
23 42
21 20
2 4
27 11
46 3
12 15
17 51
7 3
0 15
56 40
28 27
2 52
19 31
36 59
30 5
58 32
50 25
57 25
53 28
39 47
50 7
8 43
51 5
59 1
50 35
59 10
45 20
33 2
20 50
34 3
8 4
40 48
5 14
43 45
37 30
30 4
50 42
35 49
38 52
50 36
26 17
28 40
37 22
29 40
8 13
50 38
14 55
59 24
10 46
60 9
42 49
58 59
6 0
9 4
51 42
27 16
7 23
6 6
3 6
11 19
10 39
24 53
50 52
49 43
56 46
46 50
56 51
24 40
21 50
53 18
24 35
45 46
44 34
3 33
26 58
22 8
6 52
60 1
14 38
16 32
40 32
58 55
25 41
46 7
7 13
0 10
17 20
43 41
41 43
3 15
25 30
22 28
22 34
20 28
32 47
57 19
47 14
27 56
50 5
60 9
5 26
35 46
37 39
22 34
31 58
0 8
35 55
54 37
59 26
31 13
14 24
48 25
5 2
16 39
34 56
47 43
16 58
49 46
28 48
55 7
38 21
54 49
43 47
57 38
16 11
58 5
0 2
45 0
41 16
60 13
58 48
13 16
17 32
35 57
17 23
21 33
15 55
4 6
15 25
55 6
21 26
18 3
26 0
25 51
28 21
35 44
32 3
31 32
30 32
30 39
24 38
35 13
49 17
5 22
43 53
23 48
53 19
53 6
5 60
16 34
0 8
27 49
20 13
14 5
37 49
34 18
8 50
30 2
16 34
32 2
45 23
53 26
25 52
12 10
23 18
5 10
6 60
4 35
12 49
22 60
55 47
22 5
34 12
7 0
3 47
21 46
24 31
30 22
13 23
18 34
27 54
56 8
45 51
16 17
59 25
11 38
58 5
11 57
46 52
5 7
49 50
39 44
40 34
16 0
42 54
13 43
4 56
24 41
36 40
9 7
36 60
52 36
50 17
46 29
18 4
20 13
54 43
8 45
32 37
37 40
50 53
8 58
0 40
45 38
17 16
8 52
42 21
1 13
22 13
33 38
10 45
21 25
50 10
49 57
41 53
35 45
20 10
24 38
12 34
29 9
30 49
53 8
30 54
43 18
25 16
53 31
37 16
48 16
54 44
59 26
10 3
17 7
36 15
53 27
47 58
54 35
5 49
45 50
41 8
45 4
49 40
5 0
56 23
8 10
50 3
27 9
15 57
33 1
43 52
29 6
29 59
7 8
8 20
35 14
59 7
41 33
28 49
43 48
59 40
23 11
41 10
19 52
16 1
41 13
13 0
57 14
21 35
42 31
14 48
31 10
44 44
5 56
56 17
34 38
56 13
5 59
51 47
18 48
38 50
15 42
26 38
54 40
53 44
11 58
36 43
21 6
20 35
9 26
58 12
47 28
29 24
59 48
36 28
17 31
21 33
59 41
1 18
46 24
22 17
42 34
51 19
8 7
38 60
29 28
24 2
17 59
48 52
17 40
31 58
59 28
1 59
8 49
35 25
16 40
48 41
1 31
60 47
41 38
53 53
7 6
43 17
17 44
26 40
38 4
28 30
56 53
21 36
59 8
43 58
1 29
43 42
0 13
17 59
12 28
55 53
6 7
40 54
6 56
36 49
33 30
2 22
10 56
59 2
51 22
53 21
60 57
43 26
39 27
52 8
6 40
9 30
11 34
29 15
49 9
18 37
37 3
19 3
8 7
19 52
33 20
55 36
27 48
58 12
40 42
36 38
57 30
17 49
6 33
56 43
32 60
0 60
17 34
47 45
10 3
59 22
24 53
18 52
57 8
0 29
24 16
46 58
34 40
37 56
21 60
39 35
43 19
2 58
13 12
17 48
18 21
38 39
50 3
37 52
39 58
4 58
5 41
23 5
0 53
10 34
35 60
25 2
52 27
30 44
43 60
9 42
8 60
52 41
25 43
14 2
10 4
42 21
5 33
17 36
44 28
53 45
47 19
60 28
8 26
0 49
35 42
32 48
43 40
46 59
33 34
58 12
26 14
2 49
58 11
54 46
43 37
34 60
28 2
10 2
49 56
37 21
7 18
38 35
33 9
59 54
22 46
46 49
54 7
34 18
2 32
12 35
0 47
52 50
21 57
28 39
20 11
46 1
1 32
15 30
0 43
27 27
39 30
15 53
22 31
56 18
28 43
25 21
6 2
41 24
57 36
1 46
60 6
24 17
35 18
34 13
35 40
46 44
33 30
0 19
39 7
57 21
24 2
4 35
46 46
13 15
36 54
25 9
11 5
21 39
13 19
17 2
22 46
22 45
20 9
40 36
1 36
15 44
36 46
31 56
7 59
25 26
3 33
57 30
2 41
4 57
28 29
48 54
27 0
57 21
36 48
37 1
18 8
8 17
47 0
28 7
17 33
56 8
30 20
3 41
49 44
47 42
21 59
25 42
15 36
42 47
36 55
2 27
54 37
25 33
30 41
39 45
30 17
8 36
48 45
35 51
52 46
48 51
3 23
24 58
9 59
17 25
42 57
23 32
36 12
45 6
56 51
32 35
7 51
10 46
21 35
11 29
15 32
59 51
15 32
16 21
15 44
21 28
43 28
40 25
54 55
17 28
45 14
36 55
47 46
35 2
40 50
51 43
2 3
29 13
42 55
7 33
7 46
47 35
32 46
32 20
5 14
58 52
15 22
6 34
28 16
42 15
52 54
60 50
55 45
19 30
17 38
58 5
58 54
29 47
27 40
10 3
49 12
40 27
0 38
8 0
57 18
56 3
27 44
41 2
50 13
45 39
59 30
47 12
56 24
18 14
26 7
29 25
49 8
8 3
11 13
6 3
17 16
22 22
22 53
47 21
18 7
56 17
40 52
36 37
14 35
26 11
37 12
9 3
9 27
58 10
23 53
13 20
47 14
39 36
51 9
32 45
12 51
27 24
42 26
54 56
52 12
7 18
58 58
8 19
15 22
43 36
41 21
25 15
42 43
18 25
16 33
20 44
56 25
8 26
60 40
42 15
5 7
6 0
37 23
25 12
15 49
43 5
9 25
59 57
11 29
1 42
58 6
25 8
60 38
56 59
39 43
22 54
43 17
0 23
2 56
12 28
46 23
3 52
30 3
14 37
10 38
38 40
19 49
25 37
38 23
49 29
24 37
28 44
40 51
20 46
28 22
55 11
23 20
27 32
8 33
15 21
2 60
19 30
23 15
51 29
34 48
15 58
53 20
55 31
33 28
22 15
27 3
9 27
39 33
46 39
31 56
31 18
42 25
43 28
21 25
43 34
36 52
47 9
15 0
50 2
0 36
37 6
16 5
52 36
12 21
50 10
19 58
3 24
3 40
54 6
5 6
35 33
1 1
60 54
37 24
35 59
37 20
38 40
45 37
0 32
34 18
12 18
51 57
47 2
46 31
8 39
20 11
41 50
52 6
35 57
3 30
33 31
19 49
23 55
29 27
8 52
25 9
24 35
15 2
9 24
58 34
42 56
54 3
6 12
57 22
26 19
10 57
17 28
23 10
20 54
23 42
38 36
18 19
60 23
46 11
58 40
39 7
52 21
45 0
8 13
1 46
36 33
3 46
21 37
1 36
16 48
40 20
34 33
19 24
36 58
1 25
52 60
31 17
59 51
45 31
50 54
8 54
18 0
51 17
49 23
44 42
26 46
59 3
41 25
18 13
36 57
35 22
38 41
2 18
30 24
24 29
42 33
55 2
47 18
55 20
14 34
40 8
1 5
39 47
22 36
19 27
45 23
6 46
29 22
51 38
23 13
27 50
12 52
55 32
49 9
13 37
60 39
43 3
30 18
20 18
2 31
40 53
40 54
45 17
41 47
52 52
15 41
38 14
31 35
59 24
34 14
47 23
12 25
8 39
32 58
48 20
22 46
29 17
54 48
55 12
5 35
57 40
47 9
7 34
29 27
25 13
9 59
33 36
16 29
12 43
36 32
40 46
0 46
1 41
50 26
19 11
44 51
18 46
11 6
12 39
57 55
5 47
29 49
37 44
24 40
5 10
42 0
57 32
0 11
5 2
15 3
41 43
6 33
50 19
7 31
2 34
18 51
32 24
10 4
54 7
60 18
22 45
24 37
57 42
10 19
45 50
35 54
15 43
28 18
57 7
48 52
50 3
33 41
44 39
17 7
30 30
29 3
33 17
9 40
58 9
0 53
22 11
44 47
32 49
42 2
3 41
13 17
39 56
60 18
15 34
56 7
2 41
4 35
54 60
49 5
40 10
37 22
26 0
59 17
48 45
51 22
30 22
38 10
1 22
41 0
17 35
47 4
31 29
42 2
26 16
9 28
44 47
34 10
15 0
48 28
40 32
24 41
33 4
1 46
39 1
1 42
31 2
6 40
29 9
2 9
40 12
1 2
7 15
50 2
29 18
60 54
15 30
59 59
48 54
58 23
52 44
2 44
11 27
4 36
36 35
52 2
38 49
59 18
46 22
35 13
40 56
25 31
22 12
30 8
26 29
44 17
57 37
43 45
22 49
39 15
10 41
57 38
31 39
60 56
40 60
43 25
27 9
12 10
52 14
28 50
16 31
1 55
28 6
19 43
43 5
29 14
26 22
32 11
16 38
15 41
18 29
20 17
50 23
42 9
41 1
28 27
52 3
59 11
37 12
24 44
42 21
34 60
46 11
19 41
7 9
42 55
9 52
10 58
36 5
12 51
37 46
10 48
29 2
17 29
13 28
50 26
53 53
42 38
51 28
57 48
48 53
10 28
37 27
38 54
30 31
53 20
51 39
41 41
49 42
52 54
39 0
40 5
49 39
39 51
56 11
4 3
28 52
12 47
49 13
32 29
12 29
17 28
32 24
9 51
31 5
56 56
44 45
36 39
21 38
28 29
47 8
1 5
6 17
4 1
40 36
34 43
38 9
15 54
21 29
50 18
15 53
19 13
27 52
36 20
42 51
60 9
54 0
41 59
32 55
45 41
56 17
3 25
28 1
25 4
58 35
23 50
33 37
17 57
34 55
8 0
15 2
48 13
4 29
5 48
12 14
53 5
30 42
0 15
37 58
35 7
55 15
27 7
29 27
18 7
18 39
9 53
41 17
25 43
29 38
28 55
35 3
23 42
28 34
60 27
35 48
19 52
38 20
47 27
53 33
22 41
56 7
37 23
13 17
34 60
5 48
37 22
15 48
54 48
41 55
7 57
51 6
52 44
60 17
23 49
43 29
49 56
26 53
56 31
48 44
22 1
43 29
29 59
6 33
32 15
7 56
44 19
35 55
47 56
40 58
8 42
51 39
3 32
25 37
20 16
34 42
13 56
25 27
0 27
55 18
7 17
4 60
2 33
3 3
34 37
22 51
5 18
55 28
10 27
5 3
11 31
55 12
13 60
44 5
16 30
4 58
45 51
2 15
12 14
4 11
19 40
2 26
11 32
32 37
59 44
24 1
52 31
52 41
52 23
29 29
23 22
9 32
47 7
0 28
9 52
50 4
24 38
22 30
15 56
31 7
31 46
14 24
16 42
50 17
1 43
37 21
40 9
2 37
37 32
46 55
4 3
17 9
17 25
19 30
21 47
11 30
50 9
8 8
56 49
12 25
9 60
3 40
60 56
40 20
13 10
60 52
23 17
16 4
3 41
52 14
5 27
4 15
2 36
45 49
40 0
23 32
58 57
38 57
21 39
59 36
18 45
47 42
45 37
0 40
43 56
40 39
19 42
48 44
0 0
15 23
4 8
18 15
19 48
23 6
32 50
43 57
19 31
2 42
43 41
53 8
49 40
4 35
29 9
60 19
59 45
39 43
0 10
19 45
1 39
51 9
11 55
20 8
23 51
9 26
37 46
25 57
29 0
2 18
21 57
59 2
18 46
6 58
35 40
26 18
41 10
50 13
2 44
22 48
27 14
16 21
29 20
33 23
45 19
25 55
16 25
54 7
17 16
52 30
2 59
49 58
29 17
1 54
14 51
16 55
32 39
32 20
45 12
41 15
12 34
0 34
10 27
36 46
32 17
35 10
17 22
38 15
49 20
24 25
48 22
51 2
16 9
45 5
11 7
57 14
12 56
28 44
25 10
18 54
31 52
28 47
14 37
52 20
21 32
5 23
37 23
56 36
25 46
52 16
29 5
9 28
40 23
25 22
55 54
4 26
10 39
30 17
13 35
22 51
39 24
14 37
25 2
3 48
11 9
23 54
2 29
25 39
51 57
15 45
28 9
52 12
35 2
60 47
40 17
28 1
45 5
34 40
42 36
43 3
50 53
17 29
25 48
7 2
38 60
2 7
17 1
29 34
55 60
38 60
17 34
14 48
24 59
19 52
38 9
6 26
3 14
29 15
20 59
0 9
0 11
14 51
45 45
24 44
52 3
16 0
35 36
39 33
59 3
22 54
39 17
35 38
44 59
53 38
48 38
55 48
30 36
60 53
37 27
33 24
35 53
8 9
18 18
22 60
28 19
46 47
49 42
11 40
34 54
39 45
40 29
3 46
4 18
9 31
11 5
14 58
5 48
50 33
49 28
2 29
44 3
8 16
15 17
46 34
44 46
27 3
30 34
40 1
27 41
3 31
33 7
8 25
36 54
38 0
29 11
16 9
45 10
20 20
28 23
60 35
55 34
34 10
28 23
20 31
22 10
33 54
20 25
51 47
51 37
10 7
36 13
21 35
14 6
28 47
54 5
9 3
51 49
56 26
28 48
56 37
51 60
43 23
34 29
16 42
31 35
48 1
39 38
55 37
41 31
48 7
42 11
40 58
50 6
42 60
20 55
29 49
27 54
11 25
51 35
40 12
12 57
49 28
46 28
23 33
15 38
6 37
12 17
3 55
41 44
24 53
13 39
48 14
14 18
5 10
37 48
0 41
49 4
41 29
20 24
45 59
14 9
45 39
44 1
22 8
54 60
31 28
50 52
40 48
49 1
18 5
58 46
26 42
7 7
42 32
0 11
41 12
59 49
22 59
41 8
6 8
32 40
18 17
30 49
38 37
3 25
56 0
39 13
30 34
9 46
48 23
34 16
42 56
20 31
47 58
17 16
35 56
42 15
27 27
1 49
36 56
6 48
27 29
54 28
3 24
42 58
48 28
14 26
54 18
41 19
44 52
34 14
19 14
33 17
57 53
51 18
8 3
15 7
32 12
21 48
22 8
21 14
9 20
53 37
36 38
57 27
4 41
30 57
28 9
41 4
22 2
47 39
53 44
1 51
47 20
16 27
55 15
6 43
42 53
7 32
18 55
56 53
10 30
41 27
1 24
55 23
43 15
9 12
33 34
48 4
35 41
53 27
56 10
2 29
27 45
40 7
60 15
28 30
28 1
18 43
4 55
50 1
5 33
53 35
42 18
33 6
41 32
48 2
26 39
53 2
30 41
10 10
30 45
54 18
52 33
58 54
50 7
19 21
49 32
3 56
52 36
13 51
51 49
47 60
50 48
40 25
39 37
8 54
36 26
50 37
37 5
46 12
2 43
32 34
58 20
37 50
50 30
58 41
23 2
46 25
6 14
45 39
39 13
51 43
54 46
48 8
55 38
60 6
15 53
13 59
33 17
48 28
52 51
7 17
51 55
