83 3426
18 18 18 18 18 18 18 18 18 18 18 42 42 42 42 42 42 42 42 42 42 42 42 42 42 42 42 42 42 42 42 42 42 42 42 42 42 42 42 42 42 38 38 38 38 38 38 38 38 38 38 38 38 38 38 38 15 15 15 19 19 19 19 19 19 19 19 42 42 42 42 42 42 42 42 42 42 42 42 42 42 42 42
18 18 18 18 18 18 18 18 18 18 18 42 42 42 42 17 17 17 17 17 17 17 17 4 4 4 4 4 4 4 4 4 4 4 4 4 4 4 17 17 17 38 38 38 38 38 38 38 38 38 19 19 19 19 19 19 19 19 19 19 19 19 19 19 19 19 19 25 25 25 27 27 27 27 27 42 42 42 42 42 42 42 42
18 18 18 18 18 18 18 18 18 18 18 24 39 39 39 17 17 17 17 17 17 17 17 4 4 4 4 4 4 4 4 4 4 4 4 24 24 24 24 24 24 24 24 24 41 41 41 41 41 41 41 41 41 41 41 41 41 19 19 19 19 19 19 19 19 19 19 25 25 25 27 27 27 27 27 40 40 40 40 40 40 40 42
18 18 18 18 18 18 18 18 18 18 18 24 39 39 39 17 17 17 17 17 17 17 17 4 4 4 4 4 4 4 4 4 4 4 4 24 24 24 24 24 24 24 24 24 24 24 24 24 24 24 41 41 41 41 7 7 7 7 7 7 7 7 7 7 20 20 20 20 20 20 20 20 42 42 40 40 40 40 40 40 40 40 42
18 18 18 18 18 18 18 18 18 18 18 24 38 38 38 38 38 38 38 38 38 38 38 38 38 38 38 35 35 35 35 35 35 35 35 35 35 35 35 35 35 35 24 24 24 24 24 24 24 24 41 41 41 41 7 7 7 7 7 7 7 7 7 7 20 20 20 20 20 20 20 20 5 42 40 40 40 40 40 40 40 40 42
18 18 18 18 18 18 18 18 18 18 18 24 38 38 38 47 47 47 47 47 47 47 47 47 47 47 38 35 35 35 35 35 35 35 35 35 35 35 35 35 35 35 32 32 32 32 32 32 32 32 32 32 32 41 7 7 7 7 7 7 7 7 7 7 20 20 20 20 20 20 20 20 5 42 40 40 40 40 40 40 40 40 42
18 18 18 18 18 18 18 18 18 18 18 24 38 38 38 47 47 47 47 47 47 47 47 47 47 47 38 35 35 35 35 35 35 35 35 35 35 35 35 35 35 35 32 32 32 32 32 32 32 32 32 32 32 41 7 7 7 7 7 7 7 7 7 7 20 20 20 20 20 20 20 20 5 42 40 40 40 40 40 40 40 40 42
18 18 18 18 18 18 18 18 18 18 18 24 38 38 38 47 47 47 47 47 47 47 21 21 21 21 21 21 21 21 21 21 21 21 21 21 21 35 35 35 35 35 32 32 32 32 32 32 32 32 32 32 32 41 7 7 7 7 7 7 7 7 7 7 20 20 20 20 20 20 20 20 21 21 21 21 21 21 21 21 21 40 42
18 18 18 18 18 18 18 18 18 18 18 24 38 38 38 47 47 47 47 47 47 47 21 21 21 21 21 21 21 21 21 28 28 28 28 28 28 28 35 35 35 35 30 30 30 30 38 38 38 38 41 41 41 41 7 7 7 7 7 7 7 7 7 7 20 20 20 20 20 20 28 28 21 21 21 21 21 21 21 21 21 40 42
18 18 18 18 18 18 18 18 18 18 18 24 38 38 38 47 47 47 40 40 40 40 40 21 21 21 21 21 21 21 21 28 28 28 28 28 28 28 35 35 35 35 30 30 30 30 38 38 38 38 41 41 41 41 7 7 7 7 7 7 7 7 7 7 20 20 20 20 20 20 28 28 21 21 21 21 21 21 21 21 21 40 42
18 18 18 18 18 18 18 18 18 18 18 24 38 38 38 47 47 47 40 40 40 40 40 21 21 21 21 21 21 21 21 28 28 28 28 28 28 28 35 18 18 18 18 18 18 5 5 5 5 5 5 41 41 41 7 7 7 7 7 7 7 7 7 7 20 20 35 35 35 35 28 28 35 21 21 21 21 21 21 21 21 40 42
18 18 18 18 18 18 18 18 18 18 18 24 38 38 38 47 47 47 40 40 40 40 40 21 21 21 21 21 21 21 21 28 28 28 28 28 28 28 35 18 18 18 18 18 18 5 5 5 5 5 5 41 41 41 7 7 7 7 7 7 7 7 45 45 45 45 45 45 45 45 28 28 35 21 21 21 21 21 21 21 21 40 42
18 18 18 18 18 18 18 18 18 18 18 24 9 9 9 47 47 47 40 40 40 40 40 21 21 21 21 21 21 21 21 28 28 28 28 28 28 28 20 18 18 18 18 18 18 5 5 5 5 5 5 41 41 41 41 41 41 41 41 41 41 20 45 45 45 45 45 45 45 45 28 28 35 21 21 21 21 21 21 21 21 40 42
18 18 18 18 18 18 18 18 18 18 18 24 9 9 9 47 47 47 40 40 40 40 40 21 21 21 21 21 21 21 21 28 28 28 28 28 28 28 20 18 18 18 18 18 18 5 5 5 5 5 5 29 29 29 29 29 29 29 29 29 29 20 45 45 45 45 45 45 45 45 28 28 35 21 21 21 21 21 21 21 21 40 42
40 40 40 40 40 40 40 40 40 40 40 40 40 40 40 40 40 40 40 40 38 38 38 38 38 38 38 35 35 35 35 28 28 28 28 28 28 28 20 18 18 18 18 18 18 5 5 5 5 5 5 34 34 34 34 34 34 34 29 29 29 20 45 45 45 45 45 45 45 45 28 28 35 21 21 21 21 21 21 21 21 40 42
40 40 40 40 40 40 40 40 40 40 40 40 40 40 40 40 40 40 40 40 38 38 38 38 38 38 38 35 35 35 35 28 28 28 28 28 28 28 20 18 18 18 18 18 18 13 13 13 13 13 13 13 34 34 34 34 34 34 29 29 29 20 45 45 45 45 45 45 45 45 28 28 35 21 21 21 21 21 21 21 21 40 32
40 40 40 40 40 40 40 40 40 40 40 40 40 40 40 40 40 40 40 40 38 38 38 38 38 38 38 35 35 35 35 28 28 28 28 28 28 28 20 18 18 18 18 18 18 13 13 13 13 13 13 13 34 34 34 34 34 34 29 29 29 20 45 45 45 45 45 45 45 45 28 28 35 21 21 21 21 21 21 21 21 40 32
40 40 40 40 40 40 40 40 40 40 40 40 40 40 40 40 40 40 40 40 38 38 38 38 38 38 38 35 35 35 35 35 35 35 35 20 20 20 20 18 18 18 18 18 18 13 13 13 13 13 13 35 35 35 35 35 35 35 35 35 35 35 45 45 45 45 45 45 45 45 28 28 35 48 48 48 21 21 21 21 21 40 32
40 40 40 40 40 40 40 40 40 40 40 40 40 40 40 40 40 40 40 40 38 38 38 38 38 38 38 4 20 20 20 4 4 4 4 20 20 20 20 18 18 18 18 18 18 13 13 13 13 13 13 35 35 35 35 35 35 35 35 35 35 35 45 45 45 45 45 45 45 45 28 28 35 48 48 48 21 21 21 21 21 40 32
40 40 40 40 40 40 40 40 40 40 40 40 40 40 40 40 40 40 40 40 38 38 38 38 38 38 38 7 20 20 20 47 27 27 27 20 20 20 20 18 18 18 18 18 18 13 13 13 13 13 13 35 35 35 35 35 35 35 35 35 35 35 45 45 45 45 45 45 45 45 28 28 35 48 48 48 21 21 21 21 21 40 32
40 40 40 40 40 40 40 40 40 40 40 40 40 40 40 40 40 40 40 40 38 38 38 38 38 38 38 7 20 20 20 47 27 27 27 20 20 20 20 18 18 18 18 18 18 13 13 13 13 13 13 35 35 35 35 35 35 35 35 35 35 35 45 45 45 45 45 45 45 45 28 28 35 48 48 48 21 21 21 21 21 40 32
40 40 40 40 40 40 40 40 40 40 40 40 40 40 40 40 40 40 40 40 38 38 38 38 38 38 38 7 20 20 20 47 27 27 27 20 20 20 20 18 18 18 18 18 18 13 13 13 13 13 13 35 35 35 35 35 35 35 35 35 35 35 45 45 45 45 45 45 45 45 20 20 20 20 20 20 20 21 21 21 21 32 32
40 40 40 40 40 40 40 40 40 40 40 40 40 40 40 40 40 40 40 40 7 7 7 7 7 7 7 7 20 20 20 47 27 27 27 27 27 37 37 18 18 18 18 18 18 7 7 7 7 7 7 7 7 7 7 7 7 7 7 7 7 7 7 45 45 45 45 45 45 45 20 20 20 20 20 20 20 21 21 21 21 32 32
40 40 40 40 40 40 40 40 40 40 40 40 40 40 40 40 40 40 40 40 7 7 7 7 7 7 7 7 20 20 20 22 22 22 22 27 27 37 37 18 18 18 18 18 18 7 7 7 7 7 7 7 7 7 7 7 7 7 7 7 41 41 41 41 41 41 41 41 41 41 41 41 41 20 20 20 20 21 21 21 21 32 32
40 40 40 40 40 40 40 40 40 40 40 40 40 40 40 40 40 40 40 40 7 7 7 7 7 7 7 7 7 45 45 22 22 22 22 27 27 37 37 18 18 18 18 18 18 7 7 7 7 7 7 7 7 7 7 7 7 7 7 7 41 41 41 41 41 41 41 41 41 41 41 41 41 20 20 20 20 33 47 47 47 42 42
6 6 6 6 6 6 6 6 6 6 6 6 6 6 6 6 6 7 7 7 7 7 7 7 7 7 7 7 7 45 45 22 22 22 22 27 27 37 37 18 18 18 18 18 18 7 7 7 7 7 7 7 7 7 7 7 7 7 7 7 41 41 41 41 41 41 41 41 41 41 41 41 41 1 1 20 20 6 6 6 6 42 28
6 6 6 6 6 6 6 6 6 6 6 6 6 6 6 6 6 7 7 7 7 7 7 7 7 7 7 7 7 45 45 22 22 22 22 27 27 27 27 4 4 22 22 22 22 7 7 7 7 49 49 7 7 7 7 7 7 7 7 7 41 41 41 41 41 41 41 41 41 41 41 41 41 1 1 20 20 6 6 6 6 42 28
12 12 32 32 32 12 12 12 12 5 5 5 5 5 7 7 7 7 7 7 7 7 7 7 7 7 7 7 7 45 45 22 22 22 22 27 27 27 27 4 4 22 22 22 22 7 7 7 11 11 11 11 11 11 11 11 11 11 7 7 41 41 41 41 41 41 41 41 41 41 41 41 41 1 1 20 20 6 6 6 6 42 28
12 12 32 32 32 15 15 15 15 5 5 5 5 5 7 7 7 7 7 7 7 5 5 5 5 5 5 5 5 5 5 5 5 5 5 5 5 5 5 15 15 22 22 22 22 7 7 7 11 11 11 11 11 11 11 11 11 11 7 7 41 41 41 41 41 41 41 41 41 41 41 41 41 1 1 20 20 6 6 6 6 42 28
12 12 32 32 32 34 34 34 34 34 34 34 34 34 34 34 34 34 7 7 7 7 7 7 7 7 7 7 23 23 23 23 23 23 23 23 23 23 23 42 42 22 22 22 22 7 7 7 11 11 11 11 11 11 11 11 11 11 7 7 41 41 41 41 41 41 41 41 41 41 41 41 41 1 1 20 20 6 6 6 6 42 28
12 12 12 34 34 34 34 34 34 34 34 34 34 34 34 34 34 34 7 7 7 7 7 7 7 7 7 7 23 23 23 23 23 23 23 23 23 23 23 25 25 25 25 25 25 25 25 25 11 11 11 11 11 11 11 11 11 11 7 7 41 41 41 41 41 41 41 41 41 41 41 41 41 20 20 20 20 6 6 6 6 42 28
12 12 12 34 34 34 34 34 34 34 34 34 34 34 34 34 34 34 7 7 7 7 7 7 7 7 7 7 23 23 23 23 23 23 23 23 23 23 23 25 25 25 25 25 25 25 25 25 11 11 11 11 11 11 11 11 11 11 7 7 41 41 41 41 41 41 41 41 41 41 41 41 41 20 20 20 20 6 6 6 6 17 28
12 12 12 34 34 34 34 34 34 34 34 34 34 34 34 34 34 34 39 39 39 39 28 28 28 28 28 28 23 23 23 23 23 23 23 23 23 23 23 25 25 25 25 25 25 25 25 25 25 49 49 7 7 7 7 7 7 7 7 7 41 41 41 41 41 41 41 41 41 41 41 41 41 20 20 20 20 17 17 17 17 17 28
12 12 12 34 34 34 34 34 34 34 34 34 34 34 34 34 34 34 39 39 39 39 39 39 39 39 39 39 23 31 31 31 31 31 31 31 31 31 31 31 31 31 31 31 31 25 25 25 25 49 49 7 7 7 7 7 7 7 7 7 41 41 41 41 41 41 41 41 41 41 41 41 41 20 20 20 20 17 17 17 17 17 28
12 12 12 34 34 34 34 34 34 34 34 34 34 34 34 34 34 34 39 39 39 39 39 39 39 39 39 39 23 31 31 31 31 31 31 31 31 31 31 31 31 31 31 31 31 25 25 25 25 49 49 7 7 7 7 7 7 7 7 7 41 41 41 41 41 41 41 41 41 41 41 41 41 20 20 20 20 17 17 17 17 17 28
12 12 12 34 34 34 34 34 34 34 34 34 34 34 34 34 34 34 7 7 7 7 7 7 7 7 7 7 7 31 31 31 31 31 31 31 31 31 31 31 31 31 31 31 31 25 25 25 25 49 49 7 7 7 7 7 7 7 7 7 41 41 41 41 41 41 41 41 41 41 41 41 41 20 20 20 20 17 17 17 17 17 28
12 12 12 38 38 38 38 16 38 38 38 21 32 32 7 7 7 7 7 7 7 7 7 7 7 7 7 7 7 31 31 31 31 31 31 31 31 31 31 31 31 31 31 31 31 25 25 25 25 49 49 7 7 7 7 7 7 7 7 7 41 41 41 41 41 41 41 41 41 41 41 41 41 20 20 20 39 39 39 39 17 17 28
12 12 12 38 38 38 38 16 38 38 38 21 32 32 7 7 7 7 7 7 7 7 7 7 7 7 7 7 7 31 31 31 31 31 31 31 31 31 31 31 31 31 31 31 31 25 25 25 25 49 49 7 7 25 25 25 25 25 25 25 25 25 25 25 25 25 41 41 41 41 41 41 41 20 20 20 39 39 39 39 17 17 28
12 12 12 38 38 38 38 16 38 38 38 21 32 32 7 7 7 7 7 7 7 7 7 7 7 7 7 27 27 31 31 31 31 31 31 31 31 31 31 31 31 31 31 31 31 25 25 25 25 49 49 7 7 25 25 25 25 25 25 25 25 25 25 25 25 25 41 41 41 41 41 41 41 42 42 42 39 39 39 39 17 17 28
12 12 12 38 38 38 38 16 38 38 38 21 21 21 21 21 21 21 21 21 21 21 24 8 8 8 8 27 27 31 31 31 31 31 31 31 31 31 31 31 31 31 31 31 31 30 30 25 25 49 49 7 7 25 25 25 25 25 25 25 25 25 25 25 25 25 41 41 41 41 41 41 41 38 38 38 39 39 39 39 17 17 28
12 12 12 38 38 38 38 16 38 38 38 21 21 21 21 21 21 21 21 21 21 21 24 8 8 8 8 27 27 31 31 31 31 31 31 31 31 31 31 31 31 31 31 31 31 30 30 25 25 49 49 7 7 25 25 25 25 25 25 25 25 25 25 25 25 25 41 41 41 41 41 41 41 38 38 38 39 39 39 39 17 17 28
12 12 12 38 38 38 38 16 38 40 40 40 40 40 40 40 40 40 40 40 40 21 24 8 8 8 8 27 27 31 31 31 31 31 31 31 31 31 31 31 31 31 31 31 31 30 30 25 25 49 49 7 7 25 25 25 25 25 25 25 25 25 25 25 25 25 2 38 38 38 38 38 38 38 38 38 39 39 39 39 17 17 28
12 12 12 38 38 38 38 16 38 40 40 40 40 40 40 40 40 40 40 40 40 40 40 40 8 8 8 27 27 31 31 31 31 31 31 31 31 31 31 31 31 31 31 31 31 30 30 25 25 49 49 27 27 25 25 25 25 25 25 25 25 25 25 25 25 25 2 38 38 38 38 38 38 38 38 38 39 39 39 39 17 17 42
42 42 42 38 38 38 38 16 38 40 40 40 40 40 40 40 40 40 40 40 40 40 40 40 37 37 37 37 37 31 31 31 31 31 31 31 31 31 31 31 31 31 31 31 31 30 30 25 25 49 49 27 27 25 25 25 25 25 25 25 25 25 25 25 25 25 19 38 38 38 38 38 38 38 38 38 39 39 39 39 17 17 42
42 42 42 38 38 38 38 16 38 40 40 40 40 40 40 40 40 40 40 40 40 40 40 40 37 37 37 37 37 31 31 31 31 31 31 31 31 31 31 31 31 31 31 31 31 30 30 25 25 49 49 27 27 25 25 25 25 25 25 25 25 25 25 25 25 25 19 38 38 38 38 38 38 38 38 38 39 39 39 39 17 17 42
42 42 42 38 38 38 38 38 38 40 40 40 40 40 40 40 40 40 40 40 40 40 40 40 37 37 37 37 37 31 31 31 31 31 31 31 31 31 31 31 31 31 31 31 31 30 30 25 25 25 27 27 27 25 25 25 25 25 25 25 25 25 25 25 25 25 19 40 38 38 38 38 38 38 38 38 39 39 39 39 17 17 42
42 42 42 38 38 38 38 38 38 40 40 40 40 40 40 40 40 40 40 40 40 40 40 40 12 12 12 37 37 31 31 31 31 31 31 31 31 31 31 31 31 31 31 31 31 25 25 25 25 25 27 27 27 25 25 25 25 25 25 25 25 25 25 25 25 25 10 10 10 10 38 38 38 38 38 38 39 39 39 39 17 17 42
42 42 42 38 38 38 38 38 38 40 40 40 40 40 40 40 40 40 40 40 40 40 40 40 37 37 37 37 37 32 25 25 25 25 45 45 45 45 45 45 45 45 25 25 25 25 25 25 25 25 27 27 27 25 25 25 25 25 25 25 25 25 25 25 25 25 10 10 10 10 38 38 32 32 32 32 39 39 39 39 17 17 42
42 42 42 38 38 38 38 38 38 40 40 40 40 40 40 40 40 40 40 40 40 40 40 40 12 12 12 12 12 32 32 32 32 32 45 45 45 45 45 45 45 45 40 40 40 27 27 27 27 27 27 27 27 25 25 25 25 25 25 25 25 25 25 25 25 25 10 10 10 10 38 38 32 32 32 32 39 39 39 39 17 17 42
42 42 42 38 38 38 38 38 38 40 40 40 40 40 40 40 40 40 40 40 40 40 40 40 50 50 50 50 50 32 32 32 32 32 45 45 45 45 45 45 45 45 40 40 40 27 27 27 27 27 27 27 27 25 25 25 25 25 25 25 25 25 25 25 25 25 10 10 10 10 38 38 32 32 32 32 32 32 32 39 17 17 42
42 42 42 38 38 38 38 38 38 40 40 40 40 40 40 40 40 40 40 40 40 40 40 40 50 50 50 50 50 32 32 32 32 32 45 45 45 45 45 45 45 45 40 40 40 27 27 27 27 27 27 27 27 25 25 25 25 25 25 25 25 25 25 25 25 25 10 10 10 10 38 38 32 32 32 32 32 32 32 39 17 17 42
42 42 42 38 38 38 38 38 38 40 40 40 40 40 40 40 40 40 40 40 40 40 40 40 50 50 50 50 50 32 32 32 32 32 45 45 45 45 45 45 45 45 29 29 29 29 29 29 29 29 29 29 27 25 25 25 25 25 25 25 25 25 25 25 25 25 10 10 10 10 38 38 32 32 32 32 32 32 32 39 39 42 42
42 42 42 38 38 38 38 38 38 40 40 40 40 40 40 40 40 40 40 40 40 40 40 40 50 50 50 50 50 32 32 32 32 32 45 45 45 45 45 45 45 45 29 29 29 29 29 29 29 29 7 7 7 25 25 25 25 25 25 25 25 25 25 25 25 25 10 10 10 10 38 38 48 48 48 48 48 32 24 39 39 42 42
42 42 42 38 38 38 38 38 38 40 40 40 40 40 40 40 40 40 40 40 40 40 40 40 12 12 12 12 12 32 32 32 32 32 45 45 45 45 45 45 45 45 29 29 29 29 29 29 29 48 7 7 7 7 7 10 10 10 10 10 10 10 10 10 10 10 10 10 10 10 48 48 48 48 48 48 48 48 48 48 48 48 42
48 48 42 38 38 38 38 38 38 40 40 40 40 40 40 40 40 40 40 40 40 40 40 40 12 12 12 12 12 32 32 32 32 32 45 45 45 45 45 45 45 45 29 29 29 29 29 29 29 48 7 7 7 7 7 10 10 10 10 10 10 10 10 10 10 10 10 10 10 10 48 48 48 48 48 48 48 48 48 48 48 48 42
48 48 42 42 42 42 10 10 39 39 50 50 40 10 10 10 10 10 10 10 10 10 10 10 10 10 10 10 10 10 10 10 32 32 31 31 17 29 29 29 29 2 29 29 29 29 29 29 29 48 7 7 7 7 7 10 10 10 10 10 10 10 10 10 10 10 10 10 10 10 6 6 6 6 6 6 6 6 6 48 48 48 42
42 42 42 42 7 7 7 24 7 7 50 50 40 10 10 10 10 10 10 10 10 10 10 10 10 10 10 10 10 10 10 10 32 32 31 31 17 29 29 29 29 2 29 29 29 29 29 29 29 48 7 7 7 7 7 10 10 10 10 10 10 10 10 10 10 10 10 10 10 10 6 6 6 6 6 6 6 6 6 39 39 42 42
42 42 42 42 7 42 42 42 42 42 50 50 40 10 10 10 10 10 10 10 10 10 10 10 10 10 10 10 10 10 10 10 32 32 31 31 17 29 29 29 29 2 29 29 29 29 29 29 29 48 7 7 7 7 7 10 10 10 10 10 10 10 10 10 10 10 10 10 10 10 6 6 6 6 6 6 6 6 6 42 42 42 42
42 42 42 42 7 41 42 42 42 42 50 50 40 10 10 10 10 10 10 10 10 10 10 10 10 10 10 10 10 10 10 10 32 32 48 48 48 29 29 29 29 2 29 29 29 29 29 29 29 46 46 46 46 46 46 10 29 29 29 29 29 29 29 10 10 10 10 10 10 10 6 6 6 6 6 6 6 6 6 42 42 42 42
42 42 42 42 7 41 42 42 42 42 50 50 40 10 10 10 10 10 10 10 10 10 10 10 10 10 10 10 10 10 10 10 32 32 48 48 48 29 29 29 29 2 29 29 29 29 29 29 29 46 46 46 46 46 46 10 29 29 29 29 29 29 29 10 10 10 10 10 10 10 25 25 48 48 48 48 48 45 42 42 42 42 42
42 42 42 42 7 41 42 42 42 42 50 50 50 10 10 10 10 10 10 10 10 10 10 10 10 10 10 10 10 10 10 10 32 32 47 47 47 29 29 29 29 29 29 29 29 29 29 29 29 46 46 46 46 46 46 10 29 29 29 29 29 29 29 10 10 10 10 10 10 10 25 25 48 48 48 48 48 30 30 30 42 42 42
42 42 42 42 7 41 42 42 42 42 50 50 50 10 10 10 10 10 10 10 10 10 10 10 10 10 10 10 10 10 10 10 3 3 3 47 47 29 29 29 29 29 29 29 29 29 29 29 29 46 46 46 46 46 46 10 29 29 29 29 29 29 29 10 10 10 10 10 10 10 25 25 48 48 48 48 48 45 42 42 42 42 42
42 42 42 42 7 41 42 42 42 42 50 32 32 10 10 10 10 10 10 10 10 10 10 10 10 10 10 10 10 10 10 10 3 3 3 47 47 29 29 29 29 29 29 29 29 29 29 29 29 46 46 46 46 46 46 10 29 29 29 29 29 29 29 32 32 32 32 32 32 32 32 32 32 45 45 45 45 45 42 42 42 42 42
42 42 42 42 7 41 42 42 42 42 50 32 32 10 10 10 10 10 10 10 10 10 10 10 10 10 10 10 10 10 10 10 3 3 3 47 47 29 29 29 29 29 29 29 29 29 29 29 29 46 46 46 46 46 46 10 29 29 29 29 29 29 29 32 32 32 32 32 32 32 32 32 32 45 45 45 45 45 42 42 42 42 42
42 42 42 42 7 41 42 42 42 42 50 32 32 10 10 10 10 10 10 10 10 10 10 10 10 10 10 10 10 10 10 10 3 3 3 47 47 47 47 47 47 47 47 47 47 47 20 20 20 46 46 46 46 46 46 46 29 29 29 29 29 29 29 32 32 32 32 32 32 32 32 32 32 45 41 41 41 41 41 41 41 41 42
42 42 42 42 7 41 42 42 42 42 42 42 42 10 10 10 10 10 10 10 10 10 10 10 10 10 10 10 10 10 10 10 3 3 3 19 19 19 19 19 19 19 19 19 19 19 20 20 20 46 46 46 46 46 46 46 29 29 29 29 29 29 29 32 32 32 32 32 32 32 32 32 32 45 41 41 41 41 41 41 41 41 42
42 42 42 42 7 41 42 42 42 42 42 42 42 10 10 10 10 10 10 10 10 10 10 10 10 10 10 10 10 10 10 10 3 3 3 19 19 19 19 19 19 19 19 19 19 19 20 20 20 19 19 19 10 10 10 10 29 29 29 29 29 29 29 32 32 32 32 32 32 32 32 32 32 45 41 41 41 41 41 41 41 41 42
42 42 42 42 7 41 42 42 42 42 42 42 42 10 10 10 10 10 10 10 10 10 10 10 10 10 10 10 10 10 10 10 3 3 3 19 19 19 19 19 19 19 19 19 19 19 20 20 20 19 19 19 16 16 16 16 16 16 16 32 32 32 32 32 32 32 32 32 32 32 32 32 32 45 41 41 41 41 41 41 41 41 42
42 42 42 42 7 41 7 42 42 42 42 42 42 10 10 10 10 10 10 10 10 10 10 10 10 10 10 10 10 10 10 10 3 3 3 19 19 19 19 19 19 19 19 19 19 19 20 20 20 19 19 19 16 16 16 16 16 16 16 32 32 32 32 32 32 32 32 32 32 32 32 32 32 17 41 41 41 41 41 41 41 41 42
42 42 42 42 7 41 7 42 42 42 42 42 42 10 10 10 10 10 10 10 10 10 10 10 10 10 10 10 10 10 10 10 3 3 3 47 47 47 47 47 47 47 47 47 47 47 18 18 18 18 18 16 16 16 16 16 16 16 16 32 32 32 32 32 32 32 32 32 32 32 32 32 32 34 41 41 41 41 41 41 41 41 42
42 42 42 42 7 41 7 42 42 42 42 42 42 42 42 42 21 21 21 42 42 42 42 42 42 45 3 3 3 3 3 3 3 3 3 3 3 3 3 21 21 21 21 20 20 18 18 18 18 18 18 16 16 16 16 16 16 16 16 32 32 32 32 32 32 32 32 32 32 32 32 32 32 34 34 3 3 3 3 3 3 3 42
42 42 42 42 7 41 7 42 42 42 42 42 42 42 42 42 21 21 21 42 42 42 42 42 42 45 3 3 3 3 3 3 3 3 3 3 3 3 3 21 12 12 12 12 12 12 12 12 12 18 18 16 16 16 16 16 16 16 16 32 32 32 32 32 32 32 32 32 32 32 32 32 32 34 34 3 3 3 3 3 3 3 42
42 42 15 15 15 41 42 42 42 44 42 42 42 42 42 42 42 42 42 42 42 42 42 42 42 45 3 3 3 3 3 3 3 3 3 3 3 3 3 21 12 12 12 12 12 12 12 12 12 18 18 16 16 16 16 16 16 16 16 32 32 32 32 32 32 32 32 32 16 16 16 16 16 16 16 16 16 16 3 3 3 3 42
42 42 15 15 15 41 42 42 42 44 42 42 42 42 42 42 42 42 42 42 42 42 42 42 42 45 3 3 3 3 3 3 3 3 3 3 3 3 3 21 12 12 12 12 12 12 12 12 12 18 18 16 16 16 16 16 16 16 16 32 32 32 32 32 32 32 32 32 16 16 16 16 16 16 16 16 16 16 3 3 3 3 13
42 42 15 15 15 41 42 42 42 44 42 42 42 42 42 42 42 42 42 42 42 42 42 42 42 45 3 3 3 3 3 3 3 3 3 3 3 3 3 50 12 12 12 12 12 12 12 12 12 18 18 16 16 35 35 35 35 35 35 32 32 32 32 32 32 32 32 32 32 32 32 32 32 34 34 42 42 13 13 13 13 13 13
42 42 15 15 15 15 42 42 42 44 44 44 44 44 44 44 44 44 44 44 44 44 45 45 45 45 3 3 3 3 3 3 3 3 3 3 3 3 3 50 12 12 12 12 12 12 12 12 12 18 18 16 16 16 16 16 16 16 16 32 32 32 32 32 32 32 32 32 32 32 32 32 32 34 34 42 42 13 13 13 13 13 13
42 42 15 15 15 15 42 42 42 44 44 44 44 44 44 44 44 44 44 44 44 44 44 44 44 44 34 34 42 42 42 42 42 42 11 11 11 11 11 11 12 12 12 12 12 12 12 12 12 18 18 50 50 27 27 42 42 42 42 36 36 36 36 36 36 36 36 38 38 36 36 36 7 7 7 7 7 7 7 7 13 13 13
42 42 15 15 15 15 42 42 42 42 42 32 32 32 32 32 32 32 32 32 42 42 34 34 34 34 34 34 42 42 42 42 42 42 11 11 11 11 11 11 12 12 12 12 12 12 12 12 12 18 18 20 20 27 27 42 42 42 42 36 36 36 36 34 34 34 34 38 38 34 34 34 34 34 34 34 34 34 34 34 34 13 13
42 42 15 15 15 15 42 42 42 42 42 42 42 42 42 42 42 42 42 42 42 42 34 34 34 34 34 34 42 42 42 42 42 42 11 11 11 11 11 11 12 12 12 12 12 12 12 12 12 18 18 20 20 27 27 42 42 42 42 36 36 36 36 34 34 34 34 34 34 34 34 34 34 34 34 34 34 34 34 34 34 42 42
42 42 42 42 42 42 42 42 42 42 42 42 42 42 42 42 42 42 42 42 42 42 34 34 34 34 34 34 42 42 42 42 42 42 11 11 11 11 11 11 11 11 11 11 11 11 20 20 20 20 20 20 20 27 27 42 42 42 42 36 36 36 36 34 34 34 34 34 34 34 34 34 34 34 34 34 34 34 34 34 34 16 42
42 42 42 42 42 42 42 42 42 42 42 42 42 42 42 20 20 20 20 20 20 47 47 47 47 47 47 47 47 47 47 47 47 47 11 11 11 11 11 11 11 11 11 11 11 11 29 29 29 29 29 29 27 27 27 42 42 42 42 48 48 48 48 34 34 34 34 34 34 34 34 34 34 34 34 34 34 34 34 34 34 16 42
42 42 42 42 42 42 42 42 42 42 42 42 42 42 42 20 20 20 20 20 20 42 42 42 42 42 42 42 42 42 42 42 42 42 42 42 42 42 42 42 42 42 42 34 29 29 29 29 29 29 29 29 42 42 42 42 42 42 42 42 42 42 42 34 34 34 34 34 34 34 34 34 34 34 34 34 34 34 34 34 34 16 42
42 42 42 42 42 42 42 42 42 42 42 42 42 42 42 20 20 20 20 20 20 42 42 42 42 42 42 42 42 42 42 42 42 42 42 42 42 42 42 42 42 42 42 42 29 29 29 29 29 29 29 29 42 42 42 42 42 42 42 42 42 42 42 42 42 42 42 42 42 42 16 16 16 16 16 16 16 16 16 16 16 16 42
11 6
71 67
65 81
1 1
70 40
61 52
45 57
44 72
22 2
43 31
59 43
54 35
31 58
55 13
66 24
22 17
13 64
10 42
15 14
37 35
70 21
67 2
51 39
31 3
17 61
82 23
55 58
25 24
30 1
8 42
27 57
20 76
56 56
68 74
28 1
23 16
45 3
15 38
46 6
65 17
49 36
28 52
65 21
66 56
14 49
63 52
56 19
51 28
36 1
0 21
75 31
47 20
0 23
65 68
3 41
14 22
47 62
56 39
70 60
74 0
4 66
6 8
18 16
81 36
36 21
67 55
0 53
15 20
49 45
31 78
30 66
46 0
30 32
70 52
32 66
6 19
2 70
16 53
52 26
25 65
23 79
27 74
24 76
67 1
53 76
31 46
77 3
14 66
14 6
20 31
38 68
34 0
20 11
55 19
1 72
65 40
46 63
63 46
58 23
23 81
80 73
8 13
76 33
58 78
72 28
55 52
79 70
69 22
52 79
2 6
59 54
46 23
72 82
19 27
60 55
0 76
82 70
45 59
17 34
14 73
35 69
43 8
19 32
37 50
41 69
40 36
42 54
47 19
14 19
58 11
79 23
73 13
49 69
40 36
37 11
21 8
32 37
50 14
67 24
82 7
58 69
1 67
33 27
75 30
28 17
39 64
76 81
13 0
12 74
44 57
59 40
82 26
65 52
54 56
23 28
71 10
60 17
54 54
36 15
68 40
20 23
1 15
56 33
55 63
31 51
48 42
40 5
37 56
71 38
16 65
30 63
53 69
26 50
22 76
40 49
25 67
34 43
7 9
55 72
10 40
57 61
81 60
3 23
72 57
70 35
40 4
44 8
38 79
63 3
55 5
19 31
75 44
48 42
13 78
4 72
35 10
33 29
23 48
38 32
1 32
60 77
76 23
53 53
30 62
19 32
70 5
35 22
44 44
38 25
4 67
2 31
33 70
73 66
28 23
31 0
34 67
27 25
29 39
53 21
60 42
18 47
42 67
5 33
31 69
22 39
43 19
60 68
43 33
40 66
57 18
41 39
30 63
24 57
7 6
51 81
29 5
63 51
73 36
20 72
36 26
24 80
43 44
69 46
54 57
55 38
43 68
10 30
26 19
80 8
53 36
3 41
55 7
35 32
48 27
62 40
0 51
81 50
53 31
73 34
33 6
66 36
70 55
32 41
0 79
76 69
55 36
3 27
36 45
46 50
80 15
39 32
73 0
22 64
57 33
72 37
77 69
68 15
38 48
16 15
77 58
20 59
73 5
74 72
24 35
37 71
9 82
6 12
52 81
8 73
81 52
27 54
29 17
0 42
8 69
73 64
8 77
7 43
64 63
26 76
56 50
64 56
1 70
3 66
13 40
74 81
47 79
39 8
33 30
45 38
40 62
77 20
73 46
28 80
7 18
16 5
52 78
78 59
48 53
21 14
32 74
69 67
11 18
62 15
81 74
69 37
48 34
40 81
47 10
4 3
45 75
75 52
23 31
56 58
14 63
47 78
59 62
68 44
25 23
19 40
64 57
11 60
5 61
37 13
62 44
63 56
82 72
16 31
18 63
33 39
68 67
31 76
27 3
53 19
22 35
64 73
48 54
78 26
52 69
21 78
15 3
42 59
16 60
48 60
77 23
45 23
47 48
32 39
70 66
21 47
45 49
52 68
63 69
69 73
48 45
67 7
59 1
28 15
75 39
61 47
19 38
65 53
22 11
57 54
64 11
8 26
56 82
3 18
67 5
0 23
72 18
4 35
25 53
47 21
32 68
24 60
12 35
32 25
11 7
6 69
28 0
31 77
62 51
15 41
22 16
55 58
3 58
41 51
34 55
67 67
52 61
71 51
4 51
45 46
49 28
31 3
30 39
45 11
23 59
39 74
59 24
78 16
42 60
78 47
71 35
11 33
41 26
0 75
15 22
5 80
59 49
1 66
24 39
30 13
31 63
41 0
34 21
65 75
65 28
58 16
36 48
35 31
28 10
24 73
14 72
36 19
1 51
54 49
7 7
1 68
60 78
79 3
2 44
3 2
11 1
30 35
18 47
43 62
64 35
17 22
6 0
14 24
72 34
70 68
23 6
13 16
13 58
62 56
32 22
21 4
13 0
7 37
36 55
48 13
22 71
81 72
15 53
37 5
5 15
25 79
62 9
2 57
20 18
20 66
60 60
80 67
44 56
32 34
43 33
77 10
16 81
76 25
51 6
54 57
70 26
16 23
56 50
64 67
62 53
16 60
37 66
7 54
21 17
31 74
58 30
57 33
17 25
5 8
12 27
3 6
18 2
20 14
11 35
77 32
69 16
65 22
59 30
7 16
28 46
58 3
19 9
14 41
39 60
20 70
4 68
54 32
78 29
31 48
22 70
25 29
43 67
20 80
55 38
1 52
1 78
14 3
75 54
29 62
2 67
77 6
80 80
2 79
45 16
1 66
31 51
60 46
19 30
38 63
36 69
17 23
73 65
36 56
16 57
72 8
4 53
52 38
62 50
52 22
50 59
30 76
80 48
81 17
23 8
21 10
81 7
34 16
14 27
49 35
60 29
3 67
14 3
6 17
70 40
73 76
69 51
17 39
60 76
17 46
8 60
8 43
81 4
42 3
71 66
15 55
1 74
70 4
22 10
81 4
24 35
47 80
66 44
14 9
79 77
60 34
65 44
44 55
32 21
1 66
76 82
63 71
9 31
76 12
0 32
63 52
55 82
24 65
20 29
9 69
16 64
63 56
82 20
39 65
0 60
46 44
32 29
68 40
70 53
77 62
23 40
69 35
52 57
72 14
34 40
8 49
39 81
1 81
32 15
45 66
39 65
3 49
43 6
44 35
28 8
26 25
45 68
59 64
49 63
56 80
57 1
80 32
9 2
70 52
79 8
72 8
22 53
59 48
2 39
59 29
32 3
80 24
65 78
37 59
68 26
78 53
30 45
18 40
24 60
23 60
50 4
78 69
75 69
76 57
77 44
43 41
14 49
48 53
14 38
61 44
77 52
58 34
56 52
49 67
41 76
56 10
14 28
50 60
31 12
46 51
24 78
44 74
2 46
55 29
10 76
66 10
49 2
73 66
81 50
39 45
7 30
43 49
68 20
32 12
2 44
32 18
26 53
59 65
18 54
15 1
77 35
28 45
78 51
73 21
79 27
80 69
42 45
0 75
16 71
22 7
65 70
70 61
75 40
65 23
18 25
62 75
50 66
22 56
0 4
16 74
26 69
55 54
44 72
78 62
2 74
2 77
18 6
34 56
19 54
43 81
2 75
50 3
52 25
23 55
28 21
45 66
25 30
57 78
2 52
6 73
12 22
65 12
79 76
20 60
13 22
34 11
74 52
60 9
23 60
40 7
62 41
44 1
33 19
22 18
6 9
58 47
55 40
80 26
62 72
75 46
53 25
10 52
17 67
39 22
82 34
22 30
22 36
28 77
41 34
64 54
5 26
20 40
29 52
75 68
17 58
19 43
42 36
35 21
0 4
60 70
36 79
78 14
51 27
41 33
77 65
9 18
2 28
68 45
16 76
25 40
74 77
69 81
44 12
3 61
79 47
39 79
78 59
79 28
58 13
2 38
58 56
42 82
74 47
16 27
62 36
46 58
64 23
8 55
33 70
6 62
49 67
78 69
79 18
31 55
9 27
3 78
44 49
14 17
65 20
62 29
59 69
45 2
79 69
24 12
25 0
53 43
29 36
8 1
62 18
17 23
21 74
24 37
14 74
11 75
43 82
82 69
61 51
72 50
81 23
36 81
42 78
56 65
45 40
8 34
38 10
66 42
48 72
12 19
44 20
43 82
69 18
16 10
60 6
20 4
50 11
17 24
31 24
8 61
33 77
48 15
46 37
53 61
57 61
25 38
36 79
7 49
12 13
74 41
16 27
58 5
21 2
22 16
77 27
66 20
22 40
1 39
78 2
78 50
38 36
24 51
25 0
36 69
47 6
11 34
26 13
75 25
9 33
57 44
48 15
38 37
75 48
50 16
24 62
53 76
67 5
33 21
58 24
10 57
66 78
32 40
62 54
17 10
26 12
16 9
20 67
78 23
22 52
62 6
50 36
77 0
60 73
28 5
49 25
62 20
44 76
40 8
4 63
44 38
53 20
68 14
31 42
34 78
14 78
52 10
8 76
44 75
51 6
1 24
10 64
66 82
51 71
4 3
24 16
34 60
69 19
43 18
24 19
82 12
14 51
2 62
45 79
66 21
57 70
15 62
62 34
32 4
73 2
1 17
47 7
0 34
2 42
7 7
61 58
64 58
15 11
52 32
38 0
60 51
35 38
44 0
53 0
69 51
5 4
46 20
34 54
17 15
67 51
74 25
58 78
43 29
59 51
54 17
68 36
65 55
0 67
7 70
37 81
67 32
62 51
81 53
66 29
54 29
10 34
64 60
68 76
2 53
10 24
62 3
42 32
59 63
8 19
73 24
27 9
21 11
10 15
36 65
11 33
58 66
74 45
15 57
35 81
30 69
10 39
10 59
63 24
62 53
49 14
8 31
13 50
77 2
53 6
65 51
22 60
16 60
18 0
47 34
59 77
82 31
66 16
27 42
4 36
61 60
40 37
69 9
79 24
66 21
28 6
54 59
3 65
46 56
1 15
33 52
42 67
18 25
78 21
70 2
47 72
0 44
79 69
69 48
38 46
49 7
79 13
48 44
54 49
31 34
25 42
32 65
51 24
56 10
39 33
33 53
71 31
0 59
6 49
2 69
40 60
29 32
58 3
49 12
82 72
69 53
8 46
25 77
59 29
37 5
39 0
18 73
76 19
63 16
63 18
22 55
67 53
62 77
61 66
10 8
63 4
79 69
64 79
67 30
46 34
41 28
48 21
5 6
11 23
3 78
74 1
44 5
3 9
11 10
0 44
82 63
46 55
26 40
52 39
65 4
20 36
45 27
40 55
60 28
52 4
45 19
39 73
18 25
29 20
8 79
66 39
51 59
51 48
64 74
4 20
78 41
4 32
32 5
5 63
18 58
57 73
39 4
79 1
58 75
5 61
32 40
81 51
66 17
82 12
15 15
71 30
18 27
75 13
9 47
82 33
10 45
25 25
34 28
13 78
69 41
13 60
38 64
72 6
73 8
70 0
28 5
39 40
24 51
14 79
34 67
29 27
21 34
77 36
40 13
36 51
46 1
80 2
24 42
25 6
57 60
68 13
39 1
32 12
29 24
16 47
36 76
48 64
16 65
34 22
73 3
54 79
22 42
46 6
46 14
6 19
23 7
9 51
38 4
21 50
73 82
6 55
48 18
9 17
67 73
17 22
2 27
33 53
35 73
73 3
76 58
73 68
10 45
28 82
71 1
48 28
47 11
82 80
63 5
67 11
54 29
51 33
2 60
72 68
80 70
49 39
14 8
6 21
69 5
34 40
73 76
9 59
38 29
71 49
53 70
17 62
77 79
43 60
50 14
61 78
76 33
82 43
45 50
18 53
72 31
82 64
53 12
76 42
34 1
81 52
68 31
61 1
5 42
51 59
57 60
16 63
54 22
28 37
11 35
23 48
53 60
6 59
25 26
29 20
48 18
14 25
54 32
78 7
24 27
13 52
29 38
67 76
72 0
79 59
33 77
4 42
43 71
5 57
81 35
11 0
70 78
46 27
3 21
39 11
56 75
42 79
1 55
28 19
3 36
21 65
23 36
1 40
1 60
26 1
53 22
75 55
25 10
56 69
52 66
60 30
77 2
67 26
19 11
37 53
5 27
65 43
20 82
32 10
32 65
73 67
34 0
20 76
24 19
26 40
8 64
43 46
30 41
39 7
18 12
44 21
76 39
79 33
32 63
33 71
65 28
7 54
74 80
13 19
49 35
68 71
49 13
28 70
40 28
24 59
24 44
72 40
44 7
46 8
8 60
61 67
38 74
49 58
77 45
44 47
65 73
39 12
43 21
42 14
5 23
50 8
50 52
49 33
61 8
38 59
26 56
26 39
65 1
62 8
48 56
30 20
81 0
18 82
47 2
39 38
12 66
34 39
13 0
20 50
43 23
27 0
25 18
68 10
15 36
16 73
62 28
80 61
2 11
47 9
26 51
56 3
74 21
80 29
2 65
39 76
58 38
4 79
44 35
12 82
29 77
27 15
30 13
69 7
54 8
71 2
71 47
63 1
11 69
22 38
76 13
44 71
20 18
53 77
8 69
23 58
68 62
62 15
37 12
45 40
69 54
21 11
32 42
47 11
53 54
22 18
4 32
16 29
72 82
11 50
5 11
38 57
37 60
50 73
37 48
44 0
48 82
50 64
54 76
8 51
78 24
54 82
51 55
34 8
77 40
53 79
69 60
30 29
52 60
61 52
75 63
19 54
34 48
63 82
65 71
59 71
20 34
20 33
66 79
35 68
41 59
39 27
47 30
37 27
48 2
51 64
24 28
70 10
43 63
30 70
33 22
24 41
81 35
30 27
37 36
25 59
50 47
6 58
44 46
76 15
60 55
71 0
62 37
31 78
75 37
10 14
34 11
30 73
37 36
72 75
72 11
37 58
40 59
27 9
5 15
37 59
36 13
16 50
47 29
49 45
40 20
11 65
65 58
7 60
55 43
1 59
25 56
9 50
65 10
50 44
3 14
36 10
62 31
33 81
34 78
24 78
39 58
69 31
31 57
62 77
40 5
56 62
15 74
18 23
19 46
1 46
17 4
33 79
80 76
38 41
64 19
30 18
12 37
55 30
80 59
25 70
70 18
72 58
48 54
65 67
25 14
48 11
44 36
30 63
8 64
6 56
43 62
28 18
49 18
7 3
52 42
81 27
14 82
76 70
50 11
16 31
17 75
2 51
39 23
61 47
42 76
27 37
25 64
34 82
54 26
6 44
47 66
35 37
69 8
67 26
26 32
5 24
42 43
36 31
23 65
69 28
0 61
80 29
72 31
59 52
56 14
12 70
75 25
52 12
23 8
67 77
24 21
32 51
55 66
52 64
38 47
67 63
12 38
16 3
65 82
38 2
45 44
11 46
37 46
77 33
52 1
50 29
54 57
46 26
34 34
14 44
69 74
75 48
58 65
2 56
81 74
67 57
31 71
81 19
15 36
20 34
8 66
69 71
26 57
41 1
69 63
75 8
11 37
72 39
32 62
8 51
53 37
19 13
21 11
30 42
68 9
70 50
28 51
46 16
60 71
33 16
39 77
7 6
8 40
68 35
10 59
4 59
27 61
35 11
34 74
72 33
64 24
50 10
74 60
77 69
43 72
38 18
57 60
2 72
12 61
68 82
12 26
21 72
65 20
57 19
17 27
66 67
48 35
17 17
81 6
81 50
70 11
29 60
38 15
76 5
31 11
76 2
12 24
8 63
30 53
60 50
75 52
75 66
10 26
75 15
12 11
58 46
27 48
5 82
9 73
2 81
38 6
77 80
19 38
37 37
79 66
63 10
61 75
71 16
44 56
54 79
75 8
65 32
5 25
81 78
34 16
68 73
7 10
72 24
28 20
61 80
72 3
59 8
46 35
10 7
11 7
75 41
19 38
54 26
35 19
15 81
77 8
15 19
3 48
78 67
28 53
60 10
50 17
51 46
51 57
4 62
27 72
43 8
11 41
66 39
67 0
24 62
70 58
41 6
11 29
32 22
3 67
4 32
76 70
28 45
71 76
38 72
47 82
41 69
64 5
2 64
24 31
21 13
4 47
1 19
76 67
15 80
65 40
28 18
61 40
80 36
63 66
43 59
71 74
63 49
65 81
32 76
7 45
34 57
14 76
9 49
32 33
29 5
65 36
42 54
5 63
33 47
61 66
0 62
35 29
47 76
0 36
31 21
80 6
6 41
41 11
49 17
53 18
29 14
51 58
74 2
56 34
35 79
68 22
30 43
23 66
52 49
9 67
42 71
33 73
7 26
23 23
82 17
68 68
60 30
19 36
49 28
60 23
5 14
14 52
69 40
16 50
61 10
59 79
48 45
27 5
51 49
56 7
33 82
54 62
72 75
5 76
37 29
41 11
60 2
76 15
63 16
12 57
62 0
17 54
48 15
81 55
35 24
64 80
77 39
45 78
8 50
45 27
7 26
32 4
65 25
29 47
19 35
4 0
12 70
49 41
7 62
5 57
55 1
42 10
12 14
17 71
50 81
56 9
56 42
20 73
49 66
79 63
31 17
52 32
24 76
73 3
18 27
48 75
54 76
4 34
32 38
16 34
14 68
34 81
16 39
58 22
53 38
16 10
72 66
67 56
36 16
74 46
65 12
81 82
14 62
46 4
25 53
65 65
14 69
48 61
77 68
74 24
35 5
27 23
42 5
44 33
55 37
62 39
35 30
38 14
1 14
52 43
26 40
4 63
27 21
37 39
20 18
17 28
51 55
76 34
19 64
46 4
40 60
79 4
24 44
31 77
16 38
72 59
51 8
41 0
44 19
20 28
28 57
41 14
13 15
22 73
54 45
10 75
59 55
13 55
52 45
4 51
66 17
8 38
37 42
23 33
80 63
74 0
27 30
57 37
75 75
43 4
27 55
43 29
18 53
39 51
48 65
4 72
61 46
42 42
52 24
51 32
27 36
21 51
34 5
43 21
1 47
82 61
72 66
8 77
21 43
66 66
29 28
6 1
48 64
20 23
71 2
55 61
34 46
76 26
67 5
9 48
8 74
13 51
67 24
16 47
67 42
34 79
55 65
43 60
41 56
54 36
12 14
75 17
78 24
68 80
65 23
29 53
39 8
26 14
16 47
67 9
2 42
47 24
70 67
16 43
23 29
42 42
70 75
57 10
10 4
79 40
0 1
28 69
64 19
53 31
23 76
5 30
32 57
52 2
29 53
1 12
56 3
5 81
74 81
69 62
20 14
29 64
17 26
30 23
60 9
45 4
4 1
3 79
66 8
11 64
68 64
48 76
77 47
5 1
46 1
1 38
30 46
75 45
71 37
37 76
48 17
3 32
1 65
21 51
49 39
34 47
1 68
63 16
3 43
14 82
44 45
74 6
29 1
70 61
12 35
15 7
80 45
35 55
55 35
69 42
70 44
62 72
49 21
63 43
78 32
72 77
46 5
6 18
68 26
71 73
8 58
18 79
2 55
42 59
47 57
78 39
55 18
35 21
75 18
25 5
25 69
7 61
69 54
37 39
40 41
41 0
12 73
14 29
81 44
46 72
10 31
1 5
63 68
25 49
38 8
59 8
62 53
53 14
39 18
40 57
12 8
21 24
39 12
7 39
0 47
62 49
14 54
2 43
11 7
47 33
70 35
64 38
39 65
38 13
82 54
43 43
37 24
80 27
81 17
57 10
36 46
81 58
63 55
19 38
47 75
76 34
10 81
64 79
9 74
53 81
4 74
32 7
34 19
72 50
11 56
36 22
4 3
48 20
30 7
46 48
17 78
51 14
62 60
64 43
21 1
13 23
9 50
44 56
68 22
36 6
78 49
65 57
56 51
67 4
65 15
77 20
22 56
64 77
39 45
13 34
25 34
38 71
22 33
2 17
73 52
23 82
28 52
70 71
12 24
73 40
49 71
74 62
13 9
65 4
79 26
72 48
78 35
71 81
37 26
59 55
28 45
23 82
29 74
50 24
38 15
5 42
34 31
65 70
72 20
24 13
58 62
20 18
38 46
22 80
82 14
36 37
20 59
57 23
71 51
61 6
54 61
20 1
39 2
7 32
78 49
58 45
4 38
62 26
8 67
11 40
45 54
29 31
6 33
42 58
14 35
56 78
38 20
19 30
54 79
55 65
42 5
46 73
70 73
2 40
59 5
36 64
28 51
1 54
0 71
55 16
73 5
60 38
34 32
63 39
7 52
58 51
48 79
65 4
32 47
6 78
37 76
13 81
40 28
22 4
31 19
17 16
41 82
1 11
34 75
64 57
53 7
66 76
29 60
21 12
0 54
17 15
68 54
65 5
45 7
1 25
57 53
22 60
3 4
44 35
18 30
28 22
3 9
13 79
9 13
35 8
44 81
54 48
45 36
47 60
41 15
59 3
31 43
0 48
76 59
34 74
50 69
17 29
63 11
21 70
13 34
29 67
64 17
28 57
26 33
68 69
43 32
33 80
22 49
22 39
54 3
8 51
63 69
61 42
12 51
73 0
51 64
49 31
52 55
12 68
39 45
60 62
78 61
63 63
68 38
79 79
79 59
0 12
31 31
5 2
39 29
70 53
53 47
65 7
7 72
0 51
65 81
16 28
79 56
67 44
59 20
45 68
8 80
5 72
76 49
31 51
29 32
2 31
28 39
37 75
5 56
65 7
37 6
1 25
32 79
40 44
43 10
42 76
0 69
67 64
56 39
63 74
58 66
66 74
41 3
33 31
34 53
8 27
14 0
13 12
67 14
22 52
66 6
57 19
55 18
4 5
40 42
72 31
42 65
41 34
56 69
70 1
23 29
56 34
16 29
48 23
23 22
48 42
43 17
53 36
23 44
76 68
15 25
67 56
46 46
27 54
43 36
79 75
32 21
71 23
15 53
17 58
73 65
52 27
53 78
31 12
8 12
78 29
64 51
69 22
57 43
22 33
68 3
73 24
67 11
55 22
53 18
79 62
67 76
55 70
13 39
29 52
75 3
20 57
7 53
64 57
8 70
25 42
29 74
71 30
79 17
23 23
2 51
24 78
82 43
8 80
25 13
63 22
49 11
61 75
41 9
53 74
54 11
14 51
57 64
56 38
6 61
22 67
44 74
0 62
75 5
80 15
53 63
53 9
33 17
26 14
17 36
38 59
61 65
80 52
78 35
10 9
72 33
33 7
48 47
72 76
38 30
8 78
64 12
1 82
1 9
67 53
63 41
36 71
77 13
9 23
38 12
5 55
33 30
79 51
29 25
27 49
26 76
9 22
7 38
55 59
17 22
50 17
36 60
51 43
48 68
3 28
26 69
70 36
55 2
44 46
68 52
53 13
47 42
70 57
47 74
60 80
67 81
14 82
26 19
52 62
32 4
33 34
79 51
70 11
16 69
40 74
64 63
69 29
13 47
31 20
5 40
64 74
26 0
39 5
43 4
21 9
51 35
19 58
45 61
67 18
38 68
72 58
53 36
29 38
26 11
44 55
73 76
60 24
39 41
47 46
18 27
61 22
59 1
29 64
2 67
18 20
61 56
67 0
45 69
31 5
19 72
41 63
56 58
16 76
41 0
41 53
47 17
66 31
58 76
27 19
22 78
22 5
74 20
2 71
29 53
38 55
37 53
78 57
74 32
28 25
1 12
1 68
70 16
12 76
48 30
59 57
49 13
54 36
10 23
48 24
75 50
81 14
82 81
58 16
2 81
18 20
40 5
3 67
12 66
9 74
25 13
60 46
4 5
23 14
54 76
54 42
69 26
60 41
33 73
12 36
64 2
36 82
57 52
1 4
7 70
74 43
5 57
57 4
82 65
72 78
28 36
47 20
65 80
37 41
16 67
32 32
53 69
67 29
78 8
77 68
41 17
69 40
32 54
9 1
57 78
40 82
75 51
70 15
62 65
44 56
42 61
18 22
36 35
0 0
25 0
67 64
57 70
41 1
71 63
7 11
74 5
19 25
18 66
5 17
51 49
41 55
4 69
67 44
54 37
37 63
47 27
0 19
61 60
10 3
64 21
48 42
50 26
74 20
45 76
14 60
46 9
47 29
42 31
33 23
47 57
74 47
32 61
16 51
14 4
41 45
6 26
46 75
79 32
63 26
1 14
71 33
79 34
59 9
17 0
47 77
49 52
12 26
77 46
21 34
1 77
40 60
24 78
44 35
36 72
36 77
10 52
68 79
25 23
63 72
25 78
77 53
10 32
4 3
58 50
42 42
63 65
50 51
29 61
59 62
54 31
30 6
16 78
33 36
13 52
60 64
72 53
67 23
74 66
37 41
56 53
30 20
44 63
49 42
49 79
80 77
28 65
44 9
77 40
54 36
10 60
49 71
40 50
13 24
33 3
81 45
4 27
26 30
26 32
32 63
6 56
53 13
48 63
73 14
66 80
78 41
56 42
40 74
50 52
54 8
68 68
8 19
4 66
10 68
6 9
27 39
13 16
19 40
49 16
43 29
18 61
28 40
7 15
13 26
34 74
23 73
75 20
75 34
31 26
14 57
13 81
75 48
59 37
40 37
55 39
70 2
24 79
31 74
33 72
13 3
53 76
80 11
73 52
71 4
40 1
23 21
30 80
81 8
25 23
50 1
47 59
32 26
26 41
54 65
55 24
54 15
8 17
57 69
18 63
43 39
6 53
3 76
12 25
44 62
9 59
77 65
23 51
27 10
69 47
31 5
18 66
58 62
16 79
61 12
16 34
33 21
21 57
27 10
43 39
53 76
46 28
21 66
12 17
41 1
48 69
68 68
12 77
59 45
61 74
16 66
59 72
32 36
55 72
73 20
41 48
32 79
3 41
37 5
81 6
33 82
58 46
3 13
46 20
80 65
66 6
66 4
22 65
63 7
82 16
9 27
4 64
80 58
55 78
62 41
17 28
67 8
47 62
14 49
42 45
21 22
19 79
31 47
17 0
46 82
51 68
60 32
35 35
30 40
78 82
76 0
49 47
17 43
69 72
6 62
55 27
69 46
12 7
22 59
21 25
21 41
66 42
81 20
73 66
18 67
16 79
67 32
65 17
72 80
7 55
24 31
44 57
1 58
17 61
11 72
37 20
22 25
81 56
47 40
58 66
9 49
22 59
29 11
66 3
62 73
22 8
24 7
33 63
8 32
40 26
13 16
41 36
41 16
67 70
41 37
71 29
81 72
61 72
66 50
60 76
5 68
74 82
16 19
19 48
37 37
82 58
34 17
66 42
8 44
34 63
31 82
73 21
31 24
49 62
41 74
26 35
37 32
41 59
56 41
18 71
0 42
76 46
49 66
40 42
75 31
64 69
4 78
49 69
3 46
10 26
53 9
5 26
48 3
74 32
53 43
37 47
75 20
4 15
8 10
11 23
38 32
11 64
24 47
17 59
80 46
70 30
33 70
66 63
42 20
30 50
39 45
53 37
60 55
32 67
21 32
27 25
51 61
75 44
72 6
40 36
75 49
41 65
55 4
72 50
78 34
48 52
74 70
70 7
64 63
3 15
80 67
1 33
24 19
27 48
49 37
28 62
55 21
68 30
72 38
72 56
60 58
32 33
71 20
28 36
79 30
32 6
66 80
20 15
63 49
79 17
64 50
36 40
36 27
37 20
21 18
0 75
13 81
69 15
9 47
8 19
59 70
57 74
57 20
41 9
39 16
41 67
12 19
22 18
49 2
52 23
24 3
58 82
68 6
70 67
30 79
44 33
30 6
20 54
78 63
65 36
3 36
33 49
81 70
27 20
71 16
8 13
25 42
13 1
81 9
24 36
21 62
67 49
28 5
6 2
26 41
45 38
67 71
43 39
14 7
81 41
80 21
26 52
52 76
59 70
58 45
65 43
78 44
14 38
38 80
52 58
31 18
27 4
57 50
38 15
30 69
16 44
63 34
62 25
46 41
79 28
65 35
72 52
9 53
65 48
46 72
8 7
50 15
81 76
60 64
35 60
3 20
60 70
50 74
22 46
81 10
27 30
10 68
74 23
38 31
53 32
79 31
28 21
35 37
0 56
0 12
39 47
47 64
43 14
80 11
3 79
0 79
52 17
27 80
80 56
21 77
32 71
9 66
26 61
1 23
15 28
32 4
22 55
4 47
2 38
48 15
44 52
18 75
6 66
50 56
60 80
5 37
76 45
18 43
80 49
25 11
80 22
72 11
78 7
52 46
55 9
20 69
45 15
68 82
10 25
54 70
6 51
65 0
51 7
43 28
41 6
72 10
2 31
10 65
52 20
34 47
22 45
73 64
42 55
13 71
42 40
27 44
5 66
33 71
12 42
2 35
78 10
25 53
9 26
29 46
59 76
4 53
43 44
45 81
39 56
57 58
6 22
52 60
40 48
21 22
30 73
32 0
12 23
15 39
58 9
37 31
7 35
54 46
61 48
63 66
71 82
62 23
45 67
69 6
39 79
19 60
13 69
26 36
17 65
14 63
42 39
42 3
22 20
45 77
22 54
0 62
35 49
2 40
75 12
0 46
57 70
54 34
58 74
72 2
32 60
8 26
70 72
10 71
35 45
34 19
78 41
66 61
80 75
50 62
50 24
8 47
55 70
12 40
34 50
15 40
45 46
16 56
74 34
35 69
32 20
47 5
14 42
16 61
23 31
30 9
15 79
52 12
44 30
4 3
82 2
70 27
10 12
48 12
72 61
49 48
33 35
21 53
78 10
14 18
24 34
52 4
75 17
73 2
33 30
53 78
55 53
66 16
62 73
41 47
62 76
13 7
42 28
52 77
32 42
22 70
2 78
32 11
57 74
71 42
3 29
17 39
32 29
47 12
68 67
32 29
1 60
51 61
2 53
30 25
50 20
60 76
1 14
25 82
18 19
55 29
49 27
78 46
30 13
67 71
40 59
59 43
8 29
23 47
80 80
63 66
62 71
77 81
54 72
63 19
76 14
71 44
25 5
42 26
9 81
41 1
58 15
10 80
72 0
21 72
60 29
2 46
33 27
24 77
26 30
80 59
46 12
61 30
73 57
24 73
24 73
50 30
38 30
0 15
72 42
67 57
13 65
80 31
79 75
53 59
63 74
33 25
73 42
39 58
76 33
68 18
52 33
2 76
25 32
72 28
10 45
38 31
30 48
81 29
60 14
21 82
64 0
77 77
55 23
21 4
11 61
21 26
16 43
70 76
30 44
65 1
58 70
0 50
20 19
33 16
41 22
13 67
79 72
0 55
29 52
20 1
14 28
56 67
76 19
7 28
72 68
65 73
72 20
39 82
34 5
75 24
12 46
12 62
65 71
42 78
70 78
18 50
20 27
4 73
25 21
68 38
73 18
39 35
7 7
64 45
74 22
50 69
10 76
69 38
26 49
28 62
82 60
3 24
35 43
35 21
14 31
48 49
12 24
38 4
67 14
62 28
7 16
78 52
52 46
46 29
40 71
4 15
58 1
54 73
79 44
48 75
6 66
0 42
69 10
58 22
35 82
19 11
26 49
49 6
27 37
51 17
21 20
56 7
44 13
51 22
33 51
60 23
38 64
23 33
4 65
74 17
3 20
15 30
71 58
31 81
36 1
77 6
0 18
2 7
1 2
53 51
18 44
79 59
3 65
24 75
29 32
2 57
24 16
4 51
35 63
80 29
15 30
16 22
70 25
39 32
46 32
16 44
67 77
27 11
30 40
77 14
71 6
55 37
30 11
62 47
13 67
10 72
37 19
12 79
6 36
55 6
67 30
18 43
56 39
61 55
71 13
69 27
46 1
55 46
34 23
29 59
52 15
26 22
19 3
7 64
68 12
20 36
10 9
6 27
21 41
2 13
77 82
29 77
2 8
50 70
30 14
66 3
15 12
