18 16
3 3 3 3 3 3 3 3 3 3 3 3 5 3 3 3 3 3
3 3 3 3 3 3 3 3 3 3 3 3 5 3 3 3 3 3
3 3 3 3 3 3 3 5 5 5 3 3 5 3 3 3 3 3
3 3 3 3 3 3 3 5 5 5 3 3 3 3 3 3 3 3
3 3 3 3 3 3 3 5 5 5 3 3 3 3 3 3 3 3
3 3 3 3 3 3 3 5 5 5 3 3 2 2 2 2 3 3
3 3 3 3 3 3 3 5 5 5 4 4 2 2 2 2 3 3
3 3 3 2 2 2 3 3 3 4 4 4 2 2 2 2 3 3
3 3 3 2 2 2 3 3 3 4 4 4 4 4 3 3 3 3
3 3 3 2 2 2 3 3 4 4 4 4 4 3 3 2 3 3
3 3 3 3 3 3 3 3 3 3 3 3 3 3 3 2 3 3
3 3 3 3 3 3 3 3 3 3 3 3 3 3 3 2 3 3
3 3 3 3 3 3 3 3 3 3 3 3 3 3 3 3 3 3
3 3 3 3 3 3 5 5 5 3 3 3 3 3 3 3 3 3
3 3 3 3 3 2 5 5 5 3 3 3 3 3 3 3 3 3
3 3 3 3 3 3 3 3 3 3 3 3 3 3 3 3 3 3
3 3 3 1 1 1 1 1 1 1 3 3 3 3 3 3 3 3
3 3 3 3 3 3 2 3 3 3 3 3 3 3 3 3 3 3
4 0
9 5
17 16
9 12
9 15
14 5
5 12
3 12
7 3
15 0
5 3
17 6
3 16
4 5
1 16
8 3
