77 4095
17 17 17 17 17 17 17 17 17 17 17 17 17 17 17 17 17 17 48 48 48 48 17 46 46 46 46 46 46 46 46 46 46 46 46 46 46 46 46 46 46 17 17 17 17 17 17 42 42 42 17 17 17 17 17 17 17 17 17 17 17 17 17 17 17 17 17 17 17 17 17 17 17 17 17 17 17
17 17 17 17 17 17 17 17 17 17 17 17 17 17 17 17 17 17 48 48 48 48 17 46 46 46 46 46 46 46 46 46 46 46 46 46 46 46 46 46 46 17 17 17 17 17 17 42 42 42 17 17 17 17 17 17 17 17 17 17 17 17 17 17 17 17 17 17 17 17 17 17 17 17 17 17 17
17 17 17 17 17 17 17 17 17 17 17 17 17 17 25 25 25 25 48 48 48 48 25 32 32 32 32 32 46 46 46 46 46 46 46 46 46 46 46 46 46 41 41 41 17 17 17 42 42 42 17 17 17 17 17 17 17 17 17 17 21 21 21 17 2 2 2 2 2 2 2 2 2 2 17 17 17
1 1 1 1 1 1 1 1 1 1 1 1 1 1 25 25 25 20 48 48 48 48 25 32 32 32 32 32 46 46 46 46 46 46 46 46 46 46 46 46 46 5 5 5 5 5 5 5 5 5 5 17 17 17 17 17 17 17 17 17 21 21 21 17 2 2 2 2 2 2 2 2 2 2 17 17 17
1 1 1 1 1 1 1 1 1 1 1 1 1 1 25 25 25 20 48 48 48 48 25 32 32 32 32 32 46 46 46 46 46 46 46 46 46 46 46 46 46 5 5 5 5 5 5 5 5 5 5 28 17 17 17 17 17 17 17 17 21 21 21 17 2 2 2 33 33 33 33 33 33 2 17 17 17
1 1 1 1 1 26 26 26 26 26 19 19 19 19 19 19 19 19 19 19 19 19 19 19 19 19 19 32 46 46 46 46 46 46 46 46 46 46 46 46 46 5 5 5 5 5 5 5 5 5 5 28 41 41 28 28 28 28 28 28 28 28 28 28 25 25 25 25 25 25 25 25 25 25 25 25 25
1 1 1 1 1 26 26 26 26 26 19 19 19 19 19 19 19 19 19 19 19 19 19 19 19 19 19 32 46 46 46 46 46 46 46 46 46 46 46 46 46 28 28 5 5 5 5 5 5 5 5 28 41 41 28 28 28 28 28 28 28 28 28 28 25 25 25 25 25 25 25 25 25 25 25 25 25
13 13 13 13 13 13 13 13 13 13 19 19 19 19 19 19 19 19 19 19 19 19 19 19 19 19 19 32 46 46 46 46 46 46 46 46 46 46 46 46 46 28 28 5 5 5 5 5 5 5 5 28 41 40 28 28 28 28 28 28 28 28 28 28 25 25 25 25 25 25 25 25 25 25 25 25 25
13 13 13 13 13 13 13 13 13 13 19 19 19 19 19 19 19 19 19 19 19 19 19 19 19 19 19 32 46 46 46 46 46 46 46 46 46 46 46 46 46 28 28 5 5 5 5 5 5 5 5 28 41 40 28 28 28 28 28 28 28 28 28 28 25 25 25 25 25 25 25 25 25 25 25 25 25
13 13 13 13 13 13 13 13 13 13 19 19 19 19 19 19 19 19 19 19 19 19 19 19 19 19 19 13 13 13 28 28 28 28 28 28 28 28 28 28 28 28 28 31 31 5 5 5 5 5 5 28 41 41 28 28 28 28 28 28 28 28 28 28 25 25 25 25 25 25 25 25 25 25 25 25 25
1 1 1 1 1 26 26 26 26 26 19 19 19 19 19 13 13 13 13 13 13 13 13 13 19 19 19 13 13 13 28 28 28 28 28 28 28 28 28 28 28 28 28 31 31 5 5 5 5 5 5 28 5 19 19 27 27 27 27 27 27 27 27 27 25 25 25 25 25 25 25 25 25 25 25 25 25
1 1 1 1 1 26 26 26 26 26 1 1 1 1 49 13 13 13 13 13 13 13 13 13 49 49 13 13 13 13 28 28 28 28 28 28 28 28 28 28 28 28 28 11 11 11 11 11 11 11 11 11 11 11 11 11 11 11 34 34 34 34 34 34 25 25 25 25 25 25 25 25 25 25 25 25 25
1 1 1 1 1 26 26 26 26 26 1 1 1 1 16 13 13 13 13 13 13 13 13 13 15 13 13 13 13 13 28 28 28 28 28 28 28 28 28 28 28 28 28 11 11 11 11 11 11 11 11 11 11 11 11 11 11 11 34 34 34 34 34 34 25 25 25 25 25 25 25 25 25 25 25 25 25
1 1 1 1 1 26 26 26 26 26 1 1 1 1 11 13 13 13 13 13 13 13 13 13 11 35 35 13 13 13 28 28 28 28 28 28 28 28 28 28 28 28 28 11 11 11 11 11 11 11 11 11 11 11 11 11 11 11 34 34 34 34 34 34 25 25 25 25 25 25 25 25 25 25 25 25 25
1 1 1 1 1 26 26 26 26 26 1 1 1 1 11 13 13 13 13 13 13 13 13 13 11 35 35 13 13 13 28 28 28 28 28 28 28 28 28 28 28 28 28 11 11 11 11 11 11 11 11 11 11 11 11 11 11 11 34 34 34 34 34 34 25 25 25 25 25 25 25 25 25 25 25 25 25
1 1 1 1 1 26 26 26 26 26 1 1 1 1 11 13 13 13 13 13 13 13 13 13 11 35 35 13 13 13 28 28 28 28 28 28 28 28 28 28 28 28 28 11 11 11 11 11 11 11 11 11 11 11 11 11 11 11 34 34 34 34 34 34 25 25 25 25 25 25 25 25 25 25 25 25 25
1 1 1 1 1 26 26 26 26 26 1 1 1 1 11 13 13 13 13 13 13 13 13 13 11 35 35 16 16 16 28 28 28 28 28 28 28 28 28 28 28 28 28 11 11 11 11 11 11 11 11 11 11 11 11 11 11 11 34 34 34 34 34 34 25 25 25 25 25 25 25 25 25 25 25 25 25
30 30 42 30 30 30 30 30 30 10 11 11 11 11 11 13 13 13 13 13 13 13 13 13 31 31 31 31 31 16 28 28 28 28 28 28 28 28 28 28 28 28 28 11 11 11 11 11 11 11 11 11 11 11 11 11 11 11 34 34 34 34 34 34 25 25 25 25 25 25 25 25 25 25 25 25 25
30 30 42 30 30 30 30 30 30 10 11 11 11 11 11 13 13 13 13 13 13 13 13 13 31 31 31 31 31 16 46 46 41 41 41 42 42 42 42 42 40 40 40 40 40 40 22 22 22 28 28 28 39 39 39 39 39 34 34 34 34 34 34 34 25 25 25 25 25 25 25 25 25 25 25 25 25
30 30 42 30 30 30 30 30 18 18 18 18 18 18 11 13 13 13 13 13 13 13 13 13 31 31 31 31 31 16 46 46 41 41 41 42 42 42 42 42 40 40 40 40 40 40 22 22 22 28 28 28 39 39 39 39 39 34 34 34 34 34 34 34 25 25 25 25 25 25 25 25 25 25 25 25 25
30 30 42 30 18 18 18 18 18 18 18 18 18 18 15 13 13 13 13 13 13 13 13 13 22 31 31 31 31 8 46 46 41 41 41 42 42 42 42 42 40 40 40 2 2 2 22 22 22 28 28 28 39 39 39 39 39 34 34 34 34 34 34 34 34 34 34 34 34 34 34 34 34 34 34 34 34
30 30 42 30 17 17 17 17 18 18 18 18 18 18 17 13 13 13 13 13 13 13 13 13 22 31 31 31 31 8 8 40 41 41 41 42 42 42 42 42 19 19 19 2 2 2 22 22 22 28 28 28 39 39 39 39 39 34 34 34 34 34 34 34 34 34 34 34 34 34 34 34 34 34 34 34 34
30 30 42 30 17 17 17 17 18 18 18 18 18 18 17 13 13 13 13 13 13 13 13 13 22 31 31 31 31 8 8 40 41 41 41 42 42 42 42 42 19 19 19 2 2 2 22 22 22 2 2 2 39 39 39 39 39 34 34 34 34 34 34 34 34 34 34 34 34 34 34 34 34 34 34 34 34
30 30 30 30 17 17 17 17 18 18 18 18 18 18 17 13 13 13 13 13 13 13 13 13 22 19 19 19 19 32 32 40 42 18 18 18 18 18 18 18 18 18 18 2 2 2 22 22 22 2 1 1 1 1 1 1 1 1 34 34 34 34 34 34 34 34 34 34 34 34 34 34 34 29 29 29 29
30 30 30 30 17 17 17 17 18 18 18 18 18 18 17 13 13 13 13 13 13 13 13 13 22 19 19 19 19 32 32 8 42 18 18 18 18 18 18 18 18 18 18 2 2 2 22 22 22 2 1 1 1 1 1 23 23 23 34 34 34 34 34 34 34 34 34 34 34 34 34 34 34 29 29 29 29
30 30 30 30 17 17 17 17 18 18 18 18 18 18 17 13 13 13 13 13 13 13 13 13 22 19 19 19 19 44 44 44 42 42 42 42 42 42 42 42 19 19 19 2 2 2 22 22 22 2 1 1 1 1 1 23 23 23 34 34 34 34 34 34 34 34 34 34 34 34 34 34 34 29 29 29 29
30 30 30 30 17 17 17 17 18 18 18 18 18 18 12 13 13 13 13 13 13 13 13 13 22 19 19 19 19 44 44 44 42 42 42 42 42 42 42 42 19 19 19 2 2 2 22 22 22 2 1 1 1 1 1 23 23 23 34 34 34 34 34 34 34 34 34 34 34 34 34 34 34 29 29 29 29
30 30 30 30 17 17 17 17 18 18 18 18 18 18 12 13 13 13 13 13 13 13 13 13 22 20 20 20 20 20 20 20 20 42 42 42 42 42 42 42 19 19 19 19 19 19 22 22 22 19 1 1 1 1 1 23 23 23 34 34 34 34 34 34 34 34 34 34 34 34 34 34 34 29 29 29 29
30 30 30 30 17 17 17 17 18 18 18 18 18 18 12 12 12 12 22 22 22 22 22 22 22 20 20 20 20 20 20 20 20 10 10 10 10 10 10 19 19 19 19 19 19 19 19 19 19 19 1 1 1 1 1 23 23 23 34 34 34 34 34 34 34 34 34 34 34 34 34 34 34 29 29 29 29
30 30 30 30 17 17 17 17 18 18 18 18 18 18 17 20 20 20 22 22 22 22 22 22 22 20 20 20 20 20 20 20 20 10 10 10 10 10 10 19 19 19 38 38 38 38 38 38 38 38 1 1 1 1 1 23 23 23 34 34 34 34 34 34 34 34 34 34 34 34 34 34 34 29 29 29 29
30 30 30 30 17 17 17 17 18 18 18 18 18 18 17 20 20 20 22 22 22 22 22 22 22 35 35 35 35 35 35 35 35 35 35 35 35 35 35 35 35 19 38 38 38 38 38 38 38 38 1 1 1 1 1 23 23 23 34 34 34 34 34 34 34 34 34 34 34 34 34 34 34 29 29 29 29
30 30 30 30 17 17 17 17 18 18 18 18 18 18 17 20 20 20 12 12 12 12 12 12 12 35 35 35 35 35 35 35 35 35 35 35 35 35 35 35 35 19 38 38 38 38 38 38 38 38 1 1 1 1 1 42 42 42 34 34 34 34 34 34 34 34 34 34 34 34 34 34 34 29 29 29 29
17 41 21 21 21 17 17 17 18 18 18 18 18 18 17 20 20 20 12 12 12 12 12 12 12 35 35 35 35 35 35 35 35 35 35 35 35 35 35 35 35 19 38 38 38 38 38 38 38 38 1 1 1 1 1 42 42 42 34 34 34 34 34 34 34 34 34 34 34 34 34 34 34 29 29 29 29
17 41 21 21 21 17 17 17 18 18 18 18 18 18 17 20 20 20 12 12 12 12 12 12 12 35 35 35 35 35 35 35 35 35 35 35 35 47 47 47 47 47 47 47 47 47 47 47 47 47 47 47 47 47 47 47 42 42 42 42 42 42 42 42 42 42 42 42 42 42 42 42 29 29 29 29 29
17 41 21 21 21 17 17 17 18 18 18 18 18 18 17 20 20 20 12 12 12 12 12 12 12 35 35 35 35 35 35 35 35 35 35 35 35 47 47 47 47 47 47 47 47 47 47 47 47 47 47 47 47 47 47 47 42 42 42 42 42 42 42 42 42 42 42 42 42 42 42 42 29 29 29 29 29
17 41 21 21 21 17 17 17 18 18 18 18 18 18 17 20 20 20 12 12 12 12 12 12 12 35 35 35 35 35 35 35 35 35 35 35 35 47 47 47 47 47 47 47 47 47 47 47 47 47 47 47 47 47 47 47 42 42 42 42 42 42 42 42 42 42 42 42 42 42 42 42 49 49 49 49 6
17 41 21 21 21 17 17 17 17 17 17 17 17 17 17 38 20 20 12 12 12 12 12 12 12 35 44 44 44 44 44 44 44 44 44 13 13 47 47 47 47 47 47 47 47 47 47 47 47 47 47 47 47 47 47 47 42 42 42 42 42 42 42 42 42 42 42 42 42 42 42 40 40 40 40 40 6
17 41 21 21 21 17 17 17 17 17 17 17 17 17 17 38 20 20 12 12 12 12 12 12 12 35 44 44 44 44 44 44 44 44 44 13 13 47 47 47 47 47 47 47 47 47 47 47 47 47 47 47 47 47 47 47 42 42 42 42 42 42 42 42 42 25 25 25 25 25 42 40 40 40 40 40 6
17 41 21 21 21 17 17 17 17 17 17 17 17 17 17 38 20 20 12 12 12 12 12 12 12 35 44 44 44 44 44 44 44 44 44 13 13 47 47 47 47 47 47 47 47 47 47 47 47 47 47 47 47 47 47 47 42 42 42 42 42 42 42 42 42 25 25 25 25 25 42 17 17 17 17 17 6
17 41 21 21 21 21 21 21 21 44 44 44 44 44 44 38 44 44 12 12 12 12 12 12 12 35 44 44 44 44 44 44 44 44 44 13 13 47 47 47 47 47 47 47 47 47 47 47 47 47 47 47 47 47 47 47 42 42 42 42 42 42 42 42 42 25 25 25 25 25 42 17 17 17 17 17 6
28 28 28 28 28 28 21 21 21 21 21 21 13 13 19 19 19 19 12 12 12 12 12 12 12 35 44 44 44 44 44 44 44 44 44 44 44 47 47 32 32 32 32 32 32 32 32 32 32 32 32 47 47 47 47 47 42 42 42 42 42 42 42 42 42 25 25 25 25 25 42 17 17 17 17 17 6
28 28 28 28 28 28 21 21 21 21 21 21 13 13 13 38 13 13 12 12 12 12 12 12 12 35 44 44 44 44 44 44 44 44 44 44 44 47 47 47 47 47 47 47 47 47 47 47 47 47 47 47 47 47 47 47 42 42 42 42 42 42 42 42 42 25 25 25 25 25 42 17 17 17 17 17 6
28 28 28 28 28 28 21 21 21 21 21 21 13 13 13 38 13 13 12 12 12 12 12 12 12 35 44 44 44 44 44 44 44 44 44 44 44 47 47 47 47 47 47 44 44 44 44 44 44 44 44 44 44 44 47 47 42 42 42 42 42 42 42 42 42 25 25 25 25 25 42 17 33 33 33 17 6
28 28 28 28 28 28 21 21 21 21 21 21 13 13 13 38 13 13 12 12 12 12 12 12 12 26 44 44 44 44 44 44 44 44 44 46 46 46 46 46 46 46 46 44 44 44 44 44 44 44 44 44 44 44 47 47 42 42 42 42 42 42 42 42 42 25 25 25 25 25 42 17 33 33 33 17 6
28 28 28 28 28 28 21 21 21 21 21 21 13 13 13 38 13 13 12 12 12 12 12 12 12 26 44 44 44 44 44 44 44 44 44 46 46 46 46 46 46 46 46 44 44 44 44 44 44 44 44 44 44 44 24 24 24 24 24 24 24 24 24 24 24 24 25 25 25 25 42 35 33 33 33 17 6
28 28 28 28 28 28 21 21 21 21 21 21 13 13 13 38 13 13 12 12 12 12 12 12 12 26 44 44 44 44 44 44 44 44 44 46 46 46 46 46 46 46 8 44 44 44 44 44 44 44 44 44 44 44 24 24 24 24 24 24 24 24 24 24 24 24 25 25 25 25 42 17 33 33 33 17 6
28 28 28 28 28 28 21 21 21 21 21 21 13 13 13 38 13 13 12 12 12 12 12 12 12 26 44 44 44 44 44 44 44 44 44 46 46 46 46 46 46 46 8 44 44 44 44 44 44 44 44 44 44 44 24 24 24 24 24 24 24 24 24 24 24 24 25 25 25 25 24 24 17 17 17 17 17
28 28 28 28 28 28 21 21 21 21 21 21 13 13 13 13 13 42 42 42 42 42 42 42 42 42 42 42 42 42 42 42 42 42 42 42 46 46 46 46 46 46 46 44 44 44 44 44 44 44 44 44 44 44 10 10 10 10 10 10 10 10 32 29 29 25 25 25 25 25 17 26 26 26 26 17 17
17 17 31 40 21 21 21 21 21 21 21 21 13 13 13 13 13 42 42 42 42 42 42 42 42 42 42 42 42 42 42 42 42 42 42 42 46 46 46 46 46 46 46 44 44 44 44 44 44 44 44 44 44 44 10 10 10 10 10 10 10 10 32 29 29 25 25 25 25 25 17 26 26 26 26 17 17
17 17 30 30 30 30 30 30 30 30 30 21 13 13 13 22 22 42 42 42 42 42 42 42 42 42 42 42 42 42 42 42 42 42 42 42 46 46 46 46 46 46 46 44 44 44 44 44 44 44 44 44 44 44 10 10 10 10 10 10 10 10 32 29 29 25 25 25 25 25 17 26 26 26 26 17 17
17 17 30 13 50 50 50 13 13 13 13 13 13 13 13 22 22 42 42 42 42 42 42 42 42 42 42 42 42 42 42 42 42 42 42 42 46 46 46 46 46 46 46 44 44 44 44 44 44 44 44 44 44 44 47 47 47 33 33 33 47 47 47 29 29 25 25 25 25 25 24 26 26 26 26 17 17
17 17 30 30 50 50 50 30 34 33 33 33 33 33 46 46 22 42 42 42 42 42 42 42 42 42 42 42 42 42 42 42 42 42 42 42 46 46 46 46 46 46 46 44 44 44 44 44 44 44 44 44 44 44 47 47 47 33 33 33 47 47 47 29 29 47 47 47 24 24 24 24 17 17 17 17 17
17 17 30 30 50 50 50 30 34 33 33 33 33 33 46 46 22 42 42 42 42 42 42 42 42 42 42 42 42 42 42 42 42 42 42 42 46 46 46 46 46 46 46 44 44 44 44 44 44 44 44 44 44 44 47 47 47 33 33 33 47 47 47 29 29 45 45 45 24 24 24 24 11 11 11 11 17
31 31 30 30 50 50 50 30 34 33 33 33 33 33 46 46 22 42 42 42 42 42 42 42 42 42 42 42 42 42 42 42 42 42 42 42 46 46 46 46 46 46 46 44 44 44 44 44 44 44 44 44 44 44 47 47 47 33 33 33 47 47 47 29 29 45 45 45 24 24 24 24 11 11 11 11 17
31 31 30 30 50 50 50 30 34 33 33 33 33 33 46 46 22 42 42 42 42 42 42 42 42 42 42 42 42 42 42 42 42 42 42 42 46 46 46 46 46 46 46 44 44 44 44 44 44 44 44 44 44 44 47 47 47 33 33 33 47 47 47 29 29 2 2 45 24 24 24 24 11 11 11 11 17
31 31 30 30 50 50 50 30 34 33 33 33 33 33 46 46 22 42 42 42 42 42 42 42 42 42 42 42 42 42 42 42 42 42 42 42 46 46 46 46 46 46 46 44 44 44 44 44 44 44 44 44 44 44 47 47 47 33 33 33 47 47 47 29 29 2 2 45 24 24 24 24 11 11 11 11 17
31 31 45 45 50 50 50 30 34 33 33 33 33 33 46 46 22 42 42 42 42 42 42 42 42 42 42 42 42 42 42 42 42 42 42 42 46 46 46 46 46 46 46 44 44 44 44 44 44 44 44 44 44 44 10 10 10 33 33 33 10 10 32 29 29 2 2 45 24 24 24 24 11 11 11 11 17
31 31 45 45 45 14 14 14 14 33 33 33 33 33 46 46 33 42 42 42 42 42 42 42 42 42 42 42 42 42 42 42 42 42 42 42 46 46 46 46 46 46 46 44 44 44 44 44 44 44 44 44 44 44 10 10 10 33 33 33 10 10 32 29 29 2 2 45 4 4 4 4 4 11 11 11 17
31 31 45 45 45 14 14 14 14 33 33 33 33 33 46 46 33 42 42 42 42 42 42 42 42 42 42 42 42 42 42 42 42 42 42 42 46 46 46 46 46 46 46 44 44 44 44 44 44 44 44 44 44 44 32 32 32 33 33 33 32 32 32 29 29 2 2 45 4 4 4 4 4 11 11 11 17
31 31 45 45 45 14 14 14 14 33 33 33 33 33 46 46 33 42 42 42 42 42 42 42 42 42 42 42 42 42 42 42 42 42 42 42 46 46 46 46 46 46 46 46 8 32 11 11 11 11 32 32 32 32 32 32 32 32 32 32 32 32 32 2 2 2 2 45 4 4 4 4 4 11 11 11 17
31 31 45 45 45 14 14 14 14 33 33 33 33 33 46 46 33 33 6 6 6 6 6 6 6 6 6 6 6 6 32 32 32 32 38 46 46 46 46 46 46 46 46 46 6 32 11 11 11 11 32 32 32 32 32 32 32 32 32 32 32 32 32 2 2 2 2 45 4 4 4 4 4 11 11 11 17
31 31 45 3 45 14 14 14 14 33 33 33 33 33 46 46 33 33 6 6 6 6 6 6 6 6 6 6 6 6 32 32 32 32 38 38 38 8 8 46 19 19 19 6 6 6 11 11 11 11 2 2 2 2 2 2 2 2 2 2 2 2 2 2 2 2 2 45 4 4 4 4 4 11 11 11 17
31 31 45 3 45 14 14 14 14 33 33 33 33 33 46 46 33 33 6 6 6 6 6 6 6 6 6 6 6 37 32 32 32 32 37 37 37 37 37 37 37 37 19 6 6 6 27 27 27 2 2 2 2 2 2 2 2 2 2 2 2 2 2 2 2 2 2 45 4 4 4 4 4 11 18 18 17
17 17 45 3 45 14 14 14 14 33 33 33 36 36 36 36 36 36 36 36 36 36 36 6 6 6 6 6 6 37 32 32 32 32 37 37 37 37 37 37 37 37 19 6 6 6 27 27 27 2 2 2 2 2 2 2 2 2 2 2 2 2 2 2 2 2 2 45 29 29 29 4 4 11 18 18 17
17 17 45 3 45 14 14 14 14 33 33 33 36 36 36 36 36 36 36 36 36 36 36 6 6 6 6 6 6 37 32 32 32 32 37 37 37 37 37 37 37 37 19 6 6 6 27 27 27 2 2 2 2 2 2 2 2 2 2 2 2 2 2 2 2 2 2 43 29 29 29 4 4 11 18 18 17
17 17 45 3 45 14 14 14 14 14 14 14 36 36 36 36 36 36 36 36 36 36 36 6 6 6 6 6 6 37 37 37 37 37 37 37 37 37 37 37 37 37 19 6 6 6 27 27 27 2 2 2 2 2 2 2 2 2 2 2 2 2 2 2 2 2 2 43 29 29 29 4 4 11 18 18 17
17 17 45 3 45 14 14 14 14 14 14 14 36 36 36 36 36 36 36 36 36 36 36 24 24 6 6 6 6 37 37 37 37 37 37 37 37 37 37 37 37 37 19 6 6 6 27 27 27 2 2 2 2 2 2 2 2 2 2 2 2 2 2 2 2 2 2 43 29 29 29 4 4 11 18 18 17
17 17 45 3 45 25 25 25 25 25 25 25 36 36 36 36 36 36 36 36 36 36 36 24 24 6 6 6 6 37 37 37 37 37 37 37 37 37 37 37 37 37 19 34 34 34 34 34 34 34 34 34 34 34 34 34 34 2 2 2 2 2 2 2 2 2 2 43 29 29 29 4 4 11 18 18 17
17 17 45 3 45 25 25 25 25 25 25 25 36 36 36 36 36 36 36 2 2 2 2 2 2 6 6 6 6 37 37 37 37 37 37 37 37 37 37 37 37 37 19 34 34 34 34 34 34 34 34 34 34 34 34 34 34 2 2 2 2 2 2 2 2 2 2 43 29 29 29 4 4 11 18 18 17
17 17 45 3 45 25 25 25 25 25 25 25 36 36 36 36 36 36 36 36 36 36 36 24 24 6 6 6 6 37 37 37 37 37 37 37 37 37 37 37 37 37 19 34 34 34 34 34 34 34 34 34 34 34 34 34 34 2 2 2 2 2 2 2 2 2 2 43 29 29 29 4 4 11 18 18 17
17 17 45 3 45 25 25 25 25 25 25 25 36 36 36 36 36 36 36 36 36 36 36 24 24 6 6 6 6 37 37 37 37 37 37 37 37 37 37 37 37 37 19 34 34 34 34 34 34 34 34 34 34 34 34 34 34 27 27 27 43 43 43 43 43 43 43 43 29 29 29 4 4 17 18 18 17
17 17 45 3 45 25 25 25 25 25 25 25 25 25 25 25 25 25 25 25 25 24 24 24 24 6 6 6 6 37 37 37 37 37 37 37 37 37 37 37 37 37 18 34 34 34 34 34 34 34 34 34 34 34 34 34 34 43 43 43 43 43 43 43 43 43 43 43 29 29 29 4 4 17 18 18 17
17 17 45 3 45 25 25 25 25 25 25 25 25 25 25 25 25 25 25 25 25 24 24 24 24 6 6 6 6 37 37 37 37 37 37 37 37 37 37 37 37 37 18 34 34 34 34 34 34 34 34 34 34 34 34 34 34 29 29 29 29 29 29 29 29 29 29 29 29 29 29 4 4 17 18 18 17
17 17 45 3 45 45 45 17 17 17 13 17 30 30 30 30 17 17 6 6 24 24 24 24 24 6 6 6 6 37 37 37 37 37 37 37 37 37 37 37 37 37 18 34 34 34 34 34 34 34 34 34 34 34 34 34 34 29 29 29 29 29 29 29 29 29 29 29 29 29 29 4 4 17 17 17 17
17 17 17 3 17 17 17 17 17 17 13 17 17 17 17 17 17 17 6 6 24 24 24 24 24 6 6 6 6 37 37 37 37 37 37 37 37 37 37 37 37 37 18 6 6 6 6 18 18 18 18 18 18 43 43 43 43 43 43 43 4 4 4 4 4 4 4 4 4 4 4 4 4 17 17 17 17
17 17 17 17 17 17 17 17 17 17 13 17 17 17 17 17 17 17 6 6 6 6 6 6 6 6 6 6 6 37 37 37 37 37 37 37 37 37 37 37 37 37 18 6 6 6 6 18 18 18 18 18 18 35 35 35 35 35 35 35 35 35 35 26 35 17 17 17 17 17 17 17 17 17 17 17 17
17 17 17 17 17 17 17 17 17 17 13 17 17 17 17 17 17 17 6 6 6 6 6 6 6 6 6 6 6 37 37 37 37 37 37 37 37 37 37 37 37 37 18 18 18 18 18 18 18 18 18 18 18 35 35 35 35 35 35 35 35 35 35 26 35 17 17 17 17 17 17 17 17 17 17 17 17
75 58
63 56
47 69
39 29
53 66
34 2
72 20
18 43
71 18
37 36
9 50
22 76
51 52
44 47
72 49
75 38
56 47
52 29
45 22
57 71
29 15
53 39
49 75
67 22
68 50
13 68
75 76
50 11
59 28
11 72
25 0
65 23
36 18
68 12
69 73
29 68
76 67
69 50
10 14
36 30
42 11
9 29
3 24
64 3
75 15
54 58
64 29
1 50
8 40
8 42
75 66
24 60
12 18
74 64
21 16
8 70
28 72
65 71
75 55
52 53
54 20
71 70
49 43
56 4
70 0
50 72
9 68
46 11
45 45
25 43
66 45
11 63
8 2
20 32
76 52
32 73
57 8
33 11
67 69
52 46
64 70
26 11
41 37
8 3
66 33
16 74
33 50
23 39
10 2
59 50
0 35
51 45
11 17
9 44
30 15
74 13
22 55
8 41
1 24
73 4
61 33
62 42
2 45
35 35
69 76
57 59
71 20
63 56
52 19
33 29
59 51
71 32
64 61
14 72
33 60
34 7
28 47
28 37
68 75
16 68
63 51
24 11
72 73
28 74
28 71
7 42
74 14
28 39
17 11
15 28
71 67
25 56
44 70
20 33
29 42
62 14
39 14
62 52
4 64
52 19
28 75
53 41
13 53
19 63
76 32
76 11
27 8
14 45
59 46
71 29
67 49
68 25
67 4
48 67
73 28
41 53
50 42
67 3
65 24
69 47
24 7
2 35
55 57
56 6
38 27
15 59
61 40
18 40
31 43
49 44
17 31
31 46
19 72
14 73
43 1
37 39
61 48
45 58
53 57
50 14
21 30
21 0
18 11
1 52
74 55
25 76
7 18
24 49
54 35
44 34
17 65
72 32
25 63
62 4
44 41
64 73
69 43
54 6
2 14
57 8
54 36
56 10
50 42
55 10
59 14
46 48
72 76
56 65
52 47
13 2
65 4
53 50
67 16
73 15
16 26
59 67
33 71
57 44
30 50
7 11
13 45
28 75
2 76
73 40
33 47
52 2
44 76
14 29
54 51
58 70
26 34
72 8
62 51
71 19
25 40
68 50
9 8
5 22
11 46
68 50
46 12
59 33
30 24
14 22
56 43
41 50
15 11
25 31
74 11
42 35
43 3
72 42
69 49
37 60
44 11
1 70
29 65
26 57
15 73
60 63
57 43
72 0
61 0
58 26
57 35
9 56
61 36
16 25
10 31
13 26
64 64
28 9
50 12
4 0
34 6
76 71
74 9
35 9
41 43
14 29
76 42
4 8
2 55
29 59
53 25
73 29
27 39
74 68
3 7
55 55
23 69
5 5
34 63
66 71
65 36
73 17
31 2
48 66
71 28
11 12
76 63
62 18
35 5
31 7
46 69
43 49
59 6
5 67
5 44
73 70
39 51
11 1
28 15
72 58
14 12
39 3
2 20
68 32
34 41
57 28
64 16
75 4
20 73
32 71
63 20
28 22
21 48
56 76
7 21
28 49
52 32
46 36
41 71
49 75
33 51
55 12
13 55
12 65
71 43
15 49
57 74
42 1
3 48
21 71
51 21
5 71
0 30
76 0
50 3
23 21
54 6
12 22
57 37
55 2
17 28
56 12
33 48
38 19
69 6
47 69
4 11
6 43
66 51
19 68
32 27
5 10
61 4
12 51
36 65
18 75
23 16
49 30
54 15
60 44
2 43
46 66
70 23
62 25
45 11
51 16
31 30
10 4
13 4
69 41
57 5
16 39
12 41
25 65
10 1
14 42
37 49
69 72
19 65
11 48
72 68
74 1
38 5
40 14
57 2
13 30
44 63
31 32
36 75
59 7
10 27
66 51
76 11
47 60
12 76
9 62
54 19
23 66
59 13
69 28
63 21
61 55
76 56
41 42
9 10
42 5
52 63
52 48
12 65
20 54
53 11
0 71
61 35
69 71
18 8
31 48
20 19
33 28
1 49
37 23
2 23
30 52
39 59
7 16
63 61
47 32
35 10
67 25
33 47
27 1
33 72
63 26
57 22
2 17
53 43
44 15
16 46
35 69
60 7
36 1
17 67
18 13
9 72
16 10
0 19
1 40
10 39
31 56
55 16
2 65
22 13
31 13
19 8
38 55
63 57
21 44
36 39
32 66
73 10
8 53
22 4
72 70
62 61
52 26
43 50
23 19
24 24
48 3
33 73
24 30
70 41
5 46
32 63
15 9
54 51
62 68
31 0
75 47
53 6
19 42
75 51
73 71
37 8
42 74
2 55
56 50
12 67
22 27
64 38
69 21
43 50
12 31
18 48
76 6
40 17
27 48
56 73
17 70
46 56
37 27
8 55
40 15
13 74
31 8
4 35
62 68
62 4
44 5
15 21
20 66
1 23
21 65
12 30
60 29
43 70
64 18
1 64
35 63
39 40
45 27
47 38
38 20
19 25
47 9
15 72
9 58
59 76
61 55
15 48
50 13
50 42
46 67
71 67
32 49
59 67
18 17
62 11
6 63
54 73
12 56
31 54
23 3
76 16
25 50
45 52
40 41
20 5
47 65
41 18
60 11
73 48
40 55
39 76
57 61
14 58
2 62
13 53
76 9
35 44
26 25
18 12
49 17
34 54
70 20
70 3
75 7
75 53
18 6
19 14
71 33
28 5
51 25
40 13
66 13
76 70
21 32
71 68
20 8
16 54
25 8
20 69
15 44
36 42
56 62
49 43
70 8
70 72
7 67
42 14
76 18
22 25
68 68
16 32
23 71
16 36
21 59
29 45
62 40
35 33
19 44
10 71
75 56
41 37
55 0
34 68
18 15
70 37
58 15
9 65
9 36
29 3
24 46
53 21
56 35
49 40
15 9
54 70
49 53
28 59
37 30
30 48
2 20
10 55
72 26
1 7
59 44
25 39
40 25
39 15
27 32
10 24
42 33
17 26
46 31
43 52
33 15
31 75
22 39
55 58
60 59
39 67
34 8
61 56
52 15
13 27
22 32
28 33
42 61
43 56
75 72
61 43
11 4
76 75
71 27
36 47
20 27
60 43
57 56
1 46
46 27
4 61
61 26
49 38
62 4
35 29
62 76
62 0
31 64
5 39
22 57
44 67
21 31
30 18
25 72
21 4
1 15
72 67
65 2
63 38
38 3
52 24
23 0
18 22
45 37
14 20
70 17
0 28
64 32
48 17
46 59
38 40
73 20
47 54
75 17
5 64
18 12
23 25
33 60
32 55
11 65
50 11
17 44
6 31
73 5
23 3
37 5
50 29
1 0
22 49
76 57
4 27
44 42
68 52
3 70
34 12
65 16
48 44
31 6
31 40
46 18
49 34
18 69
30 65
56 60
52 31
67 20
52 50
26 35
15 28
37 64
14 39
53 62
47 7
48 27
33 5
17 9
13 43
35 44
13 75
34 53
27 64
5 8
39 73
47 6
13 57
7 45
48 56
2 43
11 72
1 22
41 40
50 71
67 48
6 25
45 72
54 49
60 0
44 9
9 75
15 42
22 26
50 1
50 45
66 76
34 74
68 56
18 22
62 19
55 71
68 56
39 26
56 22
23 29
61 54
24 57
72 56
53 7
45 70
68 29
39 59
31 60
37 55
62 74
60 4
49 12
15 56
59 33
52 36
63 10
23 5
68 12
68 62
3 6
45 73
36 7
59 45
62 34
39 7
45 62
65 0
4 76
0 57
27 27
56 63
55 14
26 12
49 10
38 75
65 43
2 57
26 31
16 73
55 51
68 64
23 22
5 22
15 16
18 43
33 68
71 7
42 31
9 69
16 22
5 52
10 2
7 74
17 73
19 13
13 11
26 48
16 6
73 10
25 66
28 49
28 3
14 41
44 46
19 13
75 34
62 13
13 61
4 41
65 20
6 58
18 55
56 8
61 9
43 21
32 52
64 8
45 55
44 56
69 6
7 30
7 21
12 37
51 43
65 47
29 31
27 11
14 53
38 8
37 16
6 59
22 27
0 47
50 7
38 63
38 56
29 9
65 16
66 60
51 71
5 33
26 35
17 24
15 53
20 32
45 30
59 75
14 51
52 71
48 50
20 40
69 35
55 4
69 6
3 68
62 30
28 20
36 55
7 57
9 46
75 62
36 4
11 72
51 44
52 33
51 37
30 38
61 33
73 27
22 54
2 67
58 6
20 57
30 72
32 3
7 45
19 69
7 26
58 53
44 6
33 74
36 64
26 2
42 10
0 24
52 10
42 62
50 58
22 76
29 76
52 75
41 42
52 73
53 62
41 26
40 5
26 3
71 16
62 74
3 57
41 19
75 64
37 52
14 13
20 44
12 45
47 19
58 67
64 57
8 68
51 1
76 39
63 6
61 67
61 57
64 76
15 66
13 58
69 74
32 0
51 1
16 20
23 18
72 7
72 57
14 15
68 23
25 58
70 56
66 63
36 56
5 14
0 18
7 68
27 13
74 32
1 59
55 24
67 58
60 34
73 31
45 39
5 14
12 18
38 56
40 2
15 58
37 33
15 0
69 8
44 68
12 14
30 31
19 43
0 75
4 5
49 24
27 57
68 2
62 73
44 20
4 49
4 26
42 0
44 51
9 68
52 16
38 4
10 58
33 21
67 13
67 27
26 52
26 16
73 39
54 68
21 53
25 21
21 20
58 47
21 39
47 1
0 5
38 12
33 2
75 37
4 13
13 35
10 10
60 47
17 53
32 66
62 56
48 18
70 24
26 14
76 37
75 59
11 4
21 47
64 49
61 53
42 55
31 37
19 1
73 24
69 12
27 0
8 18
1 66
2 58
21 8
73 9
67 37
31 29
75 11
60 31
31 20
33 52
34 61
27 8
18 23
29 63
4 62
1 29
1 47
60 50
5 16
2 46
45 21
30 16
32 13
68 40
7 6
52 46
0 53
69 35
29 9
43 68
3 51
67 56
23 25
41 37
2 69
24 66
23 61
9 43
33 0
71 16
43 74
22 57
71 73
45 27
60 22
39 37
1 48
24 64
69 59
4 68
76 74
36 65
26 20
39 53
57 52
12 7
17 9
7 30
64 53
51 12
35 16
16 19
69 4
50 15
33 7
29 19
74 8
70 59
10 27
76 75
70 29
66 51
31 13
41 36
5 47
4 38
20 3
74 50
45 53
68 56
26 67
19 63
5 71
34 2
42 43
19 66
54 38
38 13
57 60
49 76
7 31
22 54
59 21
5 70
14 5
50 50
34 31
68 39
46 21
12 39
23 43
49 12
61 53
69 16
76 62
41 8
61 10
19 56
22 68
34 38
69 70
16 39
64 63
26 33
43 49
62 47
43 14
4 13
59 20
0 36
9 66
12 38
70 72
61 69
26 32
30 32
1 57
57 56
2 23
32 68
41 15
3 52
22 74
61 55
60 75
36 37
45 37
52 65
9 55
65 30
43 54
69 22
24 62
19 41
62 23
36 15
13 18
17 7
53 33
7 4
47 47
28 57
55 27
40 28
12 27
1 46
25 54
21 33
38 65
26 71
11 26
37 43
57 39
37 0
30 0
74 48
70 61
6 36
29 58
27 0
4 43
4 34
57 0
50 33
25 72
22 8
47 44
53 55
19 67
1 27
68 76
69 38
3 69
1 35
40 47
0 11
24 30
71 3
20 58
21 30
53 11
62 12
70 15
29 46
65 3
15 57
72 47
63 18
17 73
50 20
40 65
59 58
44 46
30 65
13 8
69 4
22 39
25 4
41 54
5 73
39 66
65 8
49 3
67 44
68 22
0 47
62 59
7 63
28 41
20 49
56 0
63 30
33 16
7 0
5 4
5 65
34 45
29 38
10 45
32 62
32 24
40 58
22 60
62 59
3 60
54 6
33 3
1 25
49 16
1 23
36 16
58 22
12 25
44 71
68 24
17 9
22 42
30 23
51 57
16 66
51 59
71 54
75 25
56 19
76 23
24 30
66 49
43 36
8 20
27 5
59 54
59 46
6 10
67 31
57 13
71 32
11 59
33 59
51 24
5 54
24 2
4 11
50 6
46 19
31 41
66 7
57 52
70 9
18 11
40 1
43 1
10 26
27 48
14 33
44 31
12 58
36 13
51 36
2 66
23 13
64 45
19 46
67 57
70 68
61 34
46 11
8 51
53 48
40 64
15 45
71 17
25 50
39 40
41 44
76 30
72 24
7 3
70 63
20 17
3 23
37 1
60 53
47 17
35 73
28 24
16 12
63 21
4 19
52 42
36 36
18 7
25 1
4 66
74 49
45 39
65 1
32 33
32 26
63 27
54 47
39 60
32 73
43 51
35 9
36 7
14 62
63 18
20 1
31 38
19 41
42 49
40 21
43 47
44 11
13 13
67 52
69 66
68 74
3 61
76 23
56 56
15 36
37 11
21 64
16 67
70 17
6 75
6 16
29 71
18 64
61 8
73 26
49 19
32 62
46 40
21 41
31 75
15 38
21 52
56 54
50 35
38 53
51 4
56 65
66 26
15 75
4 44
20 5
30 62
18 61
7 59
14 27
69 64
62 40
76 69
30 59
75 42
51 0
50 17
15 49
61 34
4 51
13 48
8 27
24 16
55 66
65 19
51 36
59 61
8 2
21 3
2 27
1 46
64 68
50 44
19 39
39 51
66 27
58 57
55 27
41 67
58 72
56 14
2 62
38 41
56 30
51 17
10 3
3 26
37 47
19 35
56 13
26 1
7 10
68 53
30 4
28 26
43 75
14 53
17 2
49 20
53 39
0 24
5 54
2 70
48 57
38 62
58 19
56 51
25 23
44 65
7 18
66 39
41 45
34 68
45 69
14 59
11 49
11 13
27 46
32 2
40 33
42 66
40 41
53 37
21 20
5 23
67 74
63 38
45 52
33 14
54 57
17 24
51 14
1 61
25 24
35 30
16 55
33 6
59 73
19 76
62 19
1 59
2 8
36 32
22 17
34 65
59 11
48 42
26 50
76 46
36 13
0 16
59 4
10 49
73 2
63 57
39 21
10 26
26 7
51 19
57 53
27 40
5 31
25 34
4 28
68 2
75 43
45 71
1 18
66 70
76 71
15 26
16 22
50 52
73 46
76 30
14 67
17 34
50 6
50 76
60 60
36 3
24 75
2 54
35 29
13 13
21 39
28 43
50 34
17 61
39 20
14 55
6 70
36 5
74 41
67 4
71 7
36 54
74 6
29 12
69 1
67 5
55 0
57 51
68 8
64 58
6 21
24 52
12 60
28 57
65 70
15 60
0 9
20 33
10 26
68 37
37 65
0 14
15 9
9 55
29 34
24 64
75 25
28 65
8 56
40 51
60 55
69 11
46 35
63 50
75 12
72 15
75 15
64 67
53 73
49 76
17 0
48 73
39 50
25 50
39 68
74 48
64 74
43 24
9 13
65 48
25 66
21 40
53 2
37 22
30 57
9 70
32 62
42 43
28 42
54 51
18 67
11 14
76 13
34 10
65 75
56 74
74 5
22 29
8 60
47 35
74 12
36 75
8 50
65 59
29 25
26 22
53 2
56 34
68 76
48 19
7 32
5 2
7 4
22 33
48 7
20 50
50 69
3 9
12 25
3 30
68 63
12 23
71 1
21 25
0 58
38 36
43 57
23 11
33 16
48 48
20 14
32 58
29 52
14 29
59 27
16 23
1 16
66 61
11 70
39 62
9 9
44 13
64 40
20 9
47 76
17 3
6 61
62 46
22 66
73 9
25 70
61 40
75 45
16 40
17 46
65 53
3 39
44 22
12 26
40 42
8 63
39 53
12 24
36 71
35 28
22 7
13 65
69 70
43 58
21 56
73 11
40 7
41 67
31 8
59 62
66 52
9 70
62 46
53 73
51 35
17 31
18 15
7 6
55 19
20 56
59 34
48 75
28 41
26 35
70 66
4 75
26 50
29 75
35 29
34 47
62 4
50 56
27 70
73 66
16 76
22 64
75 74
29 50
75 76
38 34
28 44
16 70
47 44
48 12
8 8
12 13
36 18
35 18
27 10
25 41
53 12
1 12
30 25
40 16
48 15
47 38
56 3
51 26
24 32
69 73
62 43
11 72
52 71
34 29
63 21
49 19
39 32
58 71
66 63
30 53
38 71
27 40
47 56
57 10
76 18
32 28
26 48
51 52
8 16
49 39
48 4
7 0
15 28
13 25
31 15
35 65
17 50
15 36
20 53
62 10
38 71
38 59
50 47
15 68
35 59
65 24
30 29
56 31
37 60
30 13
62 69
71 19
49 15
27 11
40 20
46 40
4 23
28 5
51 7
66 24
37 45
34 19
25 68
34 59
56 42
71 33
12 43
16 55
51 35
34 35
53 32
65 69
13 65
22 37
63 9
22 43
36 10
13 49
11 14
57 31
3 52
37 64
73 40
2 44
27 33
39 23
69 19
3 68
18 70
26 25
22 71
12 51
8 11
50 35
11 13
52 0
49 21
60 5
50 17
2 14
71 25
13 66
31 8
1 45
57 42
19 18
51 61
56 12
62 24
32 40
43 35
51 41
12 59
48 2
36 32
2 53
30 63
56 34
34 15
53 9
18 69
24 47
8 50
57 58
36 15
7 27
60 9
36 38
52 71
59 14
49 24
74 72
55 53
55 74
72 70
49 25
12 50
38 22
12 18
1 71
59 36
72 47
74 44
63 23
27 28
62 6
39 46
30 56
37 22
66 19
47 58
0 23
32 33
49 49
12 58
7 60
32 44
71 4
48 74
37 39
10 12
23 38
25 11
29 65
35 25
23 32
3 75
65 73
58 21
23 63
5 70
38 44
1 7
67 1
40 4
10 53
31 15
26 16
10 32
66 27
52 1
76 60
10 19
35 18
72 74
8 52
14 30
67 1
22 12
12 36
23 33
37 0
30 56
5 71
29 3
49 1
75 35
60 8
69 62
64 29
64 4
70 71
22 1
34 64
74 14
32 40
11 56
25 63
40 41
39 1
68 56
55 42
71 42
68 43
71 6
7 30
27 55
27 19
41 39
2 28
76 48
30 67
17 1
53 6
19 68
40 39
20 21
73 6
3 19
48 3
4 14
14 31
47 27
76 19
56 29
34 14
21 24
47 65
69 70
24 44
32 65
10 42
69 43
49 43
7 42
45 5
38 9
32 55
40 24
38 5
0 24
47 68
36 35
76 34
16 50
68 15
17 58
40 25
6 41
39 35
66 59
33 61
24 37
7 22
30 49
72 50
64 31
12 2
2 29
67 33
1 57
51 57
68 74
27 30
9 46
31 14
20 25
47 52
69 0
37 48
53 17
18 5
74 61
66 75
20 62
14 61
14 7
70 67
52 61
56 49
71 11
2 66
47 24
26 8
17 17
60 24
33 51
25 70
46 1
46 43
2 15
74 0
63 40
44 49
40 49
56 72
47 5
62 74
60 74
56 34
13 26
60 29
22 76
56 21
9 14
6 16
41 39
26 15
43 52
75 5
5 62
65 68
1 37
40 72
71 50
61 50
12 24
13 38
8 54
54 71
7 19
27 11
0 37
50 63
57 75
45 8
57 6
7 59
8 59
52 73
35 35
72 41
38 59
30 69
26 8
75 63
3 34
14 12
26 15
21 27
22 8
33 16
43 62
74 5
45 60
45 3
41 30
60 49
67 64
50 20
51 3
52 12
48 28
16 26
24 59
32 42
66 41
45 46
59 58
14 64
10 31
60 3
41 15
69 22
61 3
11 35
35 22
31 56
69 40
9 33
5 5
74 64
19 64
60 19
61 30
64 9
58 37
71 15
40 39
28 53
72 28
70 21
5 29
34 57
16 25
61 66
54 59
54 55
35 7
62 75
50 32
24 15
56 61
36 71
12 27
55 34
4 33
39 12
4 26
76 4
74 51
28 53
14 5
56 48
20 23
56 5
25 17
72 28
10 17
17 17
34 68
74 27
21 34
11 56
60 66
51 59
62 41
67 43
19 36
22 58
64 67
64 47
29 34
26 33
16 17
59 42
47 71
48 75
37 74
63 3
73 21
27 42
0 23
23 54
51 37
75 24
28 19
54 32
68 45
37 30
1 29
14 51
14 66
26 43
42 29
0 38
10 5
5 34
16 8
73 72
53 10
13 1
15 60
74 18
48 7
22 19
46 25
61 36
39 16
69 4
61 36
2 22
63 57
63 4
66 13
28 10
1 49
1 57
57 36
47 43
41 50
70 9
68 38
64 70
40 76
5 36
26 33
8 30
39 42
44 7
26 47
60 30
4 12
26 35
57 74
72 45
75 47
39 50
49 7
2 65
21 33
67 25
51 34
9 69
24 52
59 1
57 24
5 5
12 68
42 71
41 15
40 62
0 62
67 6
75 73
64 47
28 66
8 24
33 17
37 29
18 64
11 56
63 19
58 8
52 9
56 69
13 73
41 65
63 28
55 21
47 31
9 38
19 58
0 70
21 6
51 19
29 5
16 3
6 29
54 10
1 11
48 76
44 75
68 36
33 9
24 5
32 36
35 31
29 17
29 14
3 39
57 36
70 1
12 5
19 29
15 71
58 58
48 17
49 57
60 66
53 27
1 10
19 6
47 52
67 5
48 8
8 40
9 70
31 70
2 57
48 9
36 71
55 23
46 74
41 57
19 45
65 16
66 74
32 65
37 61
10 56
42 58
53 14
55 37
73 70
68 64
62 29
2 46
58 65
71 48
67 18
41 58
25 54
73 49
11 67
16 41
38 66
3 12
3 53
46 57
5 64
19 76
44 21
48 18
59 34
32 72
26 12
64 73
4 16
24 62
59 50
40 76
20 60
22 56
4 26
24 49
32 1
11 9
40 21
60 50
24 56
56 5
65 48
52 73
20 44
49 18
18 42
38 49
71 18
53 64
21 40
45 21
30 43
57 65
24 12
33 55
36 56
13 18
15 23
39 38
39 13
28 71
11 54
48 2
35 39
66 28
70 70
47 30
1 19
40 9
61 4
1 49
7 11
10 41
57 4
74 12
42 34
51 74
29 54
58 68
39 55
70 32
58 57
27 64
29 1
1 66
5 38
52 2
48 39
26 38
52 25
68 71
51 74
23 61
13 26
9 0
30 69
73 2
42 1
39 47
18 30
49 73
12 34
65 31
43 69
25 2
50 12
8 16
66 10
68 4
76 5
66 65
0 55
31 29
62 71
14 14
52 72
3 5
64 34
35 29
6 10
75 60
1 29
27 63
9 70
35 45
40 4
1 5
19 12
62 8
26 0
76 73
7 45
37 74
58 26
10 7
6 17
15 6
68 32
69 34
56 16
52 44
11 45
51 14
5 24
76 48
16 47
40 38
38 41
53 14
76 17
44 9
29 15
52 35
51 75
49 18
70 57
27 8
25 20
17 76
32 14
60 45
17 10
29 3
14 48
36 12
40 54
75 57
36 19
72 11
6 49
65 76
47 4
46 58
44 71
75 44
33 7
61 3
24 27
58 65
66 50
13 29
65 72
1 33
76 72
3 48
73 70
43 40
14 6
54 65
5 14
63 64
68 1
53 1
25 10
6 20
72 58
7 74
73 48
43 19
16 22
26 42
24 55
57 62
60 22
58 68
20 14
4 36
2 34
38 51
60 67
65 8
45 56
33 39
57 53
23 48
57 4
58 34
27 5
3 30
52 25
11 13
22 61
38 56
3 15
68 3
20 65
50 14
50 0
42 56
13 21
22 28
28 56
70 57
69 31
74 4
72 16
68 39
66 35
42 33
68 19
5 56
27 61
34 16
7 36
33 20
25 20
33 44
38 25
26 48
52 63
52 38
5 40
15 65
63 16
27 63
3 39
12 57
43 17
35 5
7 37
14 48
15 3
33 33
42 53
41 51
26 64
33 28
72 62
25 60
25 53
7 68
3 29
14 56
21 31
7 14
52 42
71 11
74 49
45 59
61 20
45 30
52 62
19 7
36 73
62 31
50 8
13 27
50 40
38 53
15 31
60 70
14 67
42 62
76 61
46 70
69 4
73 4
2 22
59 30
76 1
44 72
14 50
38 68
14 35
56 60
59 64
51 60
29 72
12 6
10 43
21 2
53 26
40 10
52 54
59 59
68 25
73 72
58 72
34 63
0 65
2 65
48 37
16 58
6 2
18 5
62 58
5 37
71 63
34 51
16 59
47 50
68 16
45 0
24 6
40 58
68 44
46 58
74 21
43 35
8 7
17 25
68 22
27 13
29 73
67 43
56 69
26 69
35 38
13 7
0 52
55 17
38 71
43 70
29 2
6 1
54 10
41 62
9 32
63 15
57 14
7 43
10 18
70 34
38 1
41 6
2 24
64 13
51 73
60 9
16 3
51 75
0 45
65 10
54 53
47 68
41 58
7 54
28 34
65 63
16 2
46 8
20 66
47 74
36 76
54 54
70 52
63 62
45 23
10 26
17 36
57 71
37 59
63 60
51 60
27 61
68 14
42 13
56 16
60 11
56 34
51 8
35 72
61 8
37 53
61 2
61 40
71 9
10 5
58 63
7 41
8 47
60 58
23 28
1 65
20 14
3 27
56 47
42 54
28 32
13 43
1 37
5 32
20 33
29 22
17 72
71 18
66 62
63 18
15 19
4 11
66 62
18 14
34 27
72 60
39 70
12 29
25 60
53 12
67 48
57 48
25 30
24 25
57 1
17 19
11 10
28 6
28 0
58 27
59 52
22 21
76 34
48 62
27 2
15 71
28 29
7 14
15 48
37 11
13 30
71 12
10 22
46 4
40 50
2 5
65 5
38 19
73 39
72 69
50 28
7 52
26 1
4 8
27 65
58 65
32 60
73 22
71 19
50 1
61 29
65 48
2 62
65 47
22 8
47 71
43 76
5 14
55 42
11 36
64 71
13 47
36 58
12 43
60 58
52 65
50 34
24 47
21 6
73 51
62 5
43 25
65 18
69 3
16 68
6 19
37 21
60 45
43 41
21 28
71 3
32 36
76 62
45 73
62 18
65 24
3 34
45 75
12 9
50 6
41 41
17 40
64 41
7 25
61 14
64 26
28 55
64 10
29 63
6 49
31 8
64 6
4 6
45 37
66 48
16 75
37 72
7 70
43 47
11 72
45 3
37 36
15 37
27 34
9 70
42 8
19 0
33 17
37 31
5 45
53 5
66 2
51 45
64 75
38 64
12 11
68 45
48 40
38 70
6 17
5 65
51 35
69 36
54 2
27 65
52 46
59 42
23 29
33 69
35 46
6 67
42 40
17 41
74 40
75 63
23 36
13 5
30 9
14 53
3 13
38 42
57 52
38 60
66 66
40 67
19 41
61 11
56 43
16 26
71 51
30 70
28 26
33 57
54 66
14 67
14 65
38 67
74 31
63 76
31 41
51 30
27 31
19 12
57 22
25 59
71 27
13 2
38 28
0 52
61 8
58 25
20 34
70 39
59 22
71 26
27 56
64 70
64 26
54 16
35 74
67 18
67 53
30 63
14 35
46 18
54 31
55 69
24 51
6 58
48 74
45 13
50 23
16 49
38 39
58 76
4 60
31 21
23 23
75 10
45 69
36 42
50 46
55 41
41 18
25 39
12 29
6 63
66 45
58 14
26 32
30 67
73 7
4 66
75 8
2 14
56 17
12 20
52 13
67 38
35 46
18 46
65 2
55 66
18 11
33 35
20 30
61 7
5 76
54 55
54 70
39 75
68 49
14 54
50 66
19 26
75 61
1 29
29 16
64 32
18 32
29 0
17 69
42 51
39 31
76 50
65 44
24 25
57 55
69 10
61 50
10 26
61 21
25 43
3 66
35 28
49 36
2 15
19 7
40 20
70 7
50 36
55 27
49 4
17 20
11 33
65 11
11 1
37 16
24 45
70 62
24 73
67 43
50 46
9 24
36 29
51 55
24 2
25 39
62 43
40 41
48 44
49 1
43 34
21 74
8 58
36 27
0 68
48 37
52 52
54 43
68 9
32 60
46 29
16 40
44 30
25 13
22 38
55 58
40 62
21 53
47 52
21 72
55 30
41 51
22 62
38 18
2 22
50 75
14 42
39 20
15 3
59 69
9 63
36 73
25 6
4 58
63 47
3 30
35 55
26 26
8 68
12 3
57 35
24 12
65 71
31 31
5 43
51 39
7 53
46 32
12 72
47 13
47 11
43 45
55 12
55 22
47 4
35 18
73 42
9 64
36 25
67 4
31 65
34 27
5 42
25 56
42 17
74 18
76 70
41 63
41 24
1 40
56 61
68 43
0 57
76 42
8 45
39 8
55 69
66 55
38 32
19 26
12 73
73 51
51 2
34 39
17 37
7 40
3 67
27 14
37 49
9 16
22 31
59 6
37 69
4 30
44 20
13 53
31 1
0 17
69 56
26 58
45 9
60 72
10 16
2 54
66 41
18 40
24 10
29 20
17 68
37 7
2 19
5 42
61 37
7 61
23 36
8 76
12 7
24 54
15 1
62 30
58 5
2 41
32 7
39 9
49 20
8 68
24 65
47 2
39 28
1 76
69 9
43 75
1 21
68 60
47 42
62 54
68 29
67 20
13 47
62 37
17 59
5 36
76 34
56 43
55 43
61 14
30 64
61 73
60 4
51 34
34 18
41 22
3 23
23 25
24 68
42 73
0 13
64 48
43 10
21 68
38 42
50 48
30 60
14 48
65 44
32 1
68 14
61 45
47 62
20 60
51 65
30 25
44 58
46 67
54 39
12 21
7 73
51 69
21 68
18 17
46 33
74 42
21 67
20 50
31 45
9 55
53 26
34 30
36 33
59 6
22 32
12 49
64 28
63 1
10 15
27 50
22 0
57 27
55 24
28 58
46 32
22 17
66 5
65 33
11 29
73 52
44 34
25 58
65 40
47 27
64 17
20 42
43 45
0 66
11 30
70 2
64 34
46 71
3 58
47 65
26 60
62 36
61 74
74 43
40 10
37 39
33 75
0 38
25 56
36 40
66 13
39 11
30 27
65 53
63 35
23 36
53 76
32 35
36 7
22 60
27 65
26 66
68 53
15 67
21 30
17 41
68 27
28 46
0 26
70 5
30 21
59 45
33 26
21 13
27 48
50 49
43 1
53 19
46 48
25 39
74 10
30 36
8 46
50 66
18 61
15 5
36 26
14 15
47 23
38 75
8 20
0 0
18 49
62 7
67 74
10 73
69 29
68 11
42 16
56 29
62 64
53 18
12 44
33 37
58 44
61 0
30 71
28 28
40 6
22 7
71 25
9 34
43 59
12 35
71 41
45 57
36 37
62 33
39 49
60 21
68 57
74 41
6 53
37 57
54 60
18 65
54 36
1 14
25 64
5 66
42 17
5 34
29 29
58 38
49 14
60 35
17 56
41 11
34 3
72 32
37 0
58 9
8 21
54 54
46 12
50 4
10 63
46 72
14 34
21 17
37 41
28 8
21 0
52 68
68 49
45 44
64 42
66 61
38 62
60 16
6 74
42 11
67 16
27 7
48 5
45 34
37 69
18 59
49 54
20 28
72 26
14 36
28 43
74 47
23 41
41 17
38 74
11 19
12 42
20 32
65 3
2 45
53 40
4 15
56 27
22 8
61 4
2 64
75 7
26 71
46 3
64 61
24 2
5 31
17 11
1 30
52 14
60 10
25 71
62 0
26 4
47 26
14 17
8 3
4 8
53 24
58 57
12 34
5 51
4 5
48 25
32 10
65 74
72 69
16 0
1 3
18 1
43 35
40 5
35 62
36 38
19 29
38 34
28 3
35 29
72 58
71 65
73 3
48 4
4 15
74 31
27 22
1 61
67 38
75 37
7 20
32 65
64 55
10 12
47 14
16 58
7 61
5 76
13 50
19 37
48 12
14 75
39 24
6 37
13 55
72 24
51 11
25 5
3 23
67 40
54 65
7 17
50 11
31 31
52 71
58 44
43 43
46 27
22 32
36 38
68 53
36 63
57 74
49 10
43 17
66 26
38 63
59 15
60 12
55 20
55 17
36 75
34 1
28 18
46 29
26 25
70 10
27 8
24 19
76 73
39 9
20 35
29 5
54 47
34 74
75 3
76 73
44 30
35 37
34 12
1 17
75 68
71 38
49 72
45 33
22 70
15 58
73 45
25 13
39 19
22 8
11 73
43 49
14 52
67 55
15 72
67 5
56 43
48 58
50 47
37 33
10 51
55 21
21 62
27 62
11 58
46 54
22 18
55 19
19 25
62 46
61 11
18 26
31 70
62 41
9 65
0 56
50 17
57 70
54 60
76 24
47 59
15 72
36 15
52 31
14 66
49 13
36 74
15 18
21 13
29 47
62 27
0 70
21 17
26 15
19 16
47 62
49 18
25 62
39 41
71 46
30 39
13 14
68 35
6 67
52 10
39 43
64 10
39 0
19 35
11 40
10 31
32 75
46 42
16 44
42 31
49 68
75 35
70 32
60 43
12 52
6 7
12 36
59 41
75 71
32 5
68 54
40 64
54 55
36 0
22 14
3 54
51 30
55 38
65 2
40 30
25 4
45 65
53 39
11 53
19 8
74 20
5 73
18 55
64 8
10 1
55 50
50 70
28 75
35 63
26 21
24 59
1 28
42 3
14 64
68 73
42 2
57 43
10 46
45 24
44 76
57 4
18 43
57 45
52 34
10 44
72 51
3 36
16 52
71 46
65 30
71 68
4 44
48 20
48 58
72 20
57 60
31 13
58 36
37 68
28 51
31 17
22 54
48 44
27 53
38 19
50 75
26 11
69 12
18 15
50 70
66 16
46 4
19 3
2 31
21 50
57 46
30 35
56 10
41 22
74 24
51 67
38 4
67 18
68 51
1 47
17 40
43 52
13 7
27 69
8 56
11 4
48 67
21 68
14 69
7 60
70 1
34 22
56 7
17 61
16 30
58 53
55 35
34 16
23 18
71 73
63 66
3 39
52 28
75 0
10 74
37 45
15 0
29 14
31 45
74 43
44 28
60 24
17 50
60 0
49 22
74 1
55 61
54 31
72 61
31 16
21 28
64 68
73 1
50 73
29 22
27 22
17 24
37 59
74 26
35 17
38 6
2 61
1 51
52 60
5 20
3 4
67 38
32 34
31 65
46 23
21 43
38 13
39 15
68 49
70 61
11 48
53 72
60 64
22 69
10 64
0 35
27 49
60 14
38 46
42 24
76 52
75 27
59 52
56 71
75 74
22 11
16 61
69 46
25 40
1 40
46 59
31 21
68 48
18 7
11 72
13 14
15 44
16 27
23 56
14 43
36 63
22 12
0 12
57 27
40 10
66 48
16 44
54 76
32 46
39 31
36 7
4 10
65 32
34 74
18 17
68 56
64 55
70 44
73 21
65 55
9 3
5 2
45 19
9 57
59 73
38 29
38 73
71 74
36 42
46 24
10 37
40 23
5 17
65 70
16 72
61 45
32 4
69 59
12 71
74 20
70 65
61 38
41 23
39 15
52 51
25 29
51 75
21 37
74 4
20 58
34 26
43 54
60 5
9 45
31 37
7 12
25 58
48 64
24 72
75 15
46 76
68 22
57 72
16 7
46 29
48 47
65 29
61 74
19 28
17 20
52 71
21 69
68 71
45 39
26 17
55 30
25 40
39 34
59 53
24 37
75 55
65 7
53 20
40 64
23 56
25 29
70 13
67 47
14 25
45 7
61 35
10 8
17 45
74 31
60 68
24 11
58 2
27 48
19 55
52 23
61 21
41 39
21 9
36 24
62 19
3 39
62 60
19 36
60 6
70 75
70 61
6 31
37 15
33 30
30 61
11 43
19 54
23 22
23 62
5 38
20 43
26 29
14 3
11 42
1 64
76 24
63 9
12 68
70 64
63 54
33 12
46 76
47 46
63 1
16 66
42 49
52 62
5 20
1 33
68 45
53 40
32 48
0 16
35 66
47 45
64 20
56 10
67 34
40 0
6 74
23 51
54 55
16 64
2 34
11 48
40 6
15 69
28 5
21 14
34 21
15 52
53 67
42 62
74 68
20 50
74 35
47 16
7 53
49 10
66 19
71 61
54 25
19 28
47 27
29 63
72 26
39 74
0 7
69 5
42 48
15 46
16 68
36 3
18 28
8 1
57 74
11 64
46 4
1 40
2 5
6 51
68 31
29 56
25 50
76 39
26 20
49 3
41 70
32 5
49 66
56 4
9 76
29 46
11 11
20 3
32 72
4 61
25 30
75 64
36 29
63 75
38 43
56 68
56 42
25 14
12 31
68 42
23 5
35 20
31 7
10 46
57 34
63 56
65 34
75 43
24 38
58 40
23 49
3 59
49 10
49 28
57 19
20 21
62 22
66 61
54 10
76 47
27 27
23 15
2 29
48 5
30 59
10 73
27 73
53 76
49 55
13 21
35 29
53 0
63 65
76 23
28 39
40 30
8 23
15 74
65 27
39 36
48 66
32 71
12 70
16 76
16 75
54 14
17 3
65 73
42 53
35 54
34 56
57 43
34 59
2 68
67 74
10 9
8 49
31 37
68 2
6 53
49 46
48 52
51 48
34 20
29 8
33 72
74 27
25 21
9 46
74 41
65 34
32 58
4 30
