321 809
2 1 145824762 274481078
3 1 321047257 274481078
4 3 147438575 274481078
1 5 321047257 274481078
6 1 321047257 274481078
4 7 76677890 274481078
5 8 145824762 274481078
9 6 652663652 274481078
2 10 652663652 274481078
11 4 145824762 274481078
7 12 76677890 274481078
13 7 76677890 274481078
14 5 76677890 274481078
15 2 321047257 274481078
16 1 321047257 274481078
17 11 147438575 274481078
4 18 147438575 274481078
3 19 76677890 274481078
10 20 145824762 274481078
9 21 321047257 274481078
22 20 652663652 274481078
20 23 321047257 274481078
15 24 145824762 274481078
25 20 321047257 274481078
5 26 147438575 274481078
5 27 76677890 274481078
14 28 652663652 274481078
4 29 147438575 274481078
21 30 321047257 274481078
31 6 321047257 274481078
32 13 321047257 274481078
33 14 145824762 274481078
34 8 652663652 274481078
35 8 76677890 274481078
27 36 147438575 274481078
37 13 145824762 274481078
38 19 652663652 274481078
39 17 145824762 274481078
28 40 76677890 274481078
14 41 145824762 274481078
2 42 321047257 274481078
22 43 321047257 274481078
1 44 147438575 274481078
45 27 76677890 274481078
46 38 145824762 274481078
47 11 147438575 274481078
45 48 147438575 274481078
49 18 76677890 274481078
9 50 76677890 274481078
51 4 321047257 274481078
47 52 321047257 274481078
47 53 145824762 274481078
36 54 147438575 274481078
55 20 652663652 274481078
52 56 145824762 274481078
14 57 321047257 274481078
7 58 145824762 274481078
59 49 321047257 274481078
52 60 321047257 274481078
52 61 652663652 274481078
62 15 76677890 274481078
63 4 652663652 274481078
56 64 652663652 274481078
15 65 76677890 274481078
66 6 147438575 274481078
67 51 652663652 274481078
68 37 652663652 274481078
50 69 652663652 274481078
18 70 147438575 274481078
71 48 147438575 274481078
72 16 147438575 274481078
73 58 76677890 274481078
74 46 652663652 274481078
75 25 652663652 274481078
76 28 652663652 274481078
77 53 321047257 274481078
9 78 76677890 274481078
9 79 76677890 274481078
37 80 147438575 274481078
5 81 321047257 274481078
49 82 147438575 274481078
83 46 145824762 274481078
49 84 652663652 274481078
85 73 145824762 274481078
26 86 145824762 274481078
87 54 652663652 274481078
88 35 652663652 274481078
89 9 147438575 274481078
90 5 76677890 274481078
91 73 652663652 274481078
92 69 145824762 274481078
3 93 652663652 274481078
83 94 76677890 274481078
13 95 147438575 274481078
49 96 321047257 274481078
94 97 652663652 274481078
85 98 652663652 274481078
99 75 76677890 274481078
100 90 145824762 274481078
2 101 76677890 274481078
102 57 145824762 274481078
20 103 321047257 274481078
84 104 321047257 274481078
105 11 145824762 274481078
24 106 321047257 274481078
107 59 145824762 274481078
108 76 147438575 274481078
23 109 652663652 274481078
110 98 321047257 274481078
43 111 321047257 274481078
26 112 76677890 274481078
113 16 145824762 274481078
114 13 147438575 274481078
115 111 145824762 274481078
116 45 76677890 274481078
41 117 147438575 274481078
101 118 321047257 274481078
119 6 76677890 274481078
90 120 76677890 274481078
37 121 147438575 274481078
122 27 76677890 274481078
82 123 147438575 274481078
124 58 147438575 274481078
92 125 76677890 274481078
126 88 652663652 274481078
127 102 145824762 274481078
63 128 76677890 274481078
103 129 652663652 274481078
5 130 147438575 274481078
68 131 321047257 274481078
132 62 145824762 274481078
68 133 145824762 274481078
127 134 147438575 274481078
135 121 147438575 274481078
4 136 652663652 274481078
137 52 652663652 274481078
138 35 76677890 274481078
55 139 76677890 274481078
60 140 145824762 274481078
56 141 321047257 274481078
97 142 145824762 274481078
104 143 147438575 274481078
144 142 145824762 274481078
145 4 147438575 274481078
146 91 76677890 274481078
147 27 76677890 274481078
69 148 652663652 274481078
39 149 147438575 274481078
110 150 76677890 274481078
151 70 147438575 274481078
152 71 321047257 274481078
131 153 147438575 274481078
25 154 321047257 274481078
155 103 147438575 274481078
121 156 652663652 274481078
8 157 76677890 274481078
39 158 147438575 274481078
159 20 76677890 274481078
153 160 321047257 274481078
161 94 145824762 274481078
162 128 76677890 274481078
163 116 652663652 274481078
19 164 147438575 274481078
1 165 147438575 274481078
138 166 147438575 274481078
52 167 652663652 274481078
168 31 147438575 274481078
152 169 147438575 274481078
170 96 147438575 274481078
50 171 147438575 274481078
128 172 145824762 274481078
173 103 652663652 274481078
174 95 321047257 274481078
175 152 145824762 274481078
61 176 652663652 274481078
13 177 145824762 274481078
2 178 147438575 274481078
179 126 652663652 274481078
180 11 147438575 274481078
77 181 652663652 274481078
182 169 147438575 274481078
183 134 652663652 274481078
184 75 321047257 274481078
185 110 652663652 274481078
25 186 652663652 274481078
187 28 652663652 274481078
188 158 147438575 274481078
113 189 321047257 274481078
110 190 76677890 274481078
191 158 76677890 274481078
192 89 321047257 274481078
161 193 652663652 274481078
194 129 145824762 274481078
5 195 147438575 274481078
196 16 321047257 274481078
126 197 145824762 274481078
198 23 147438575 274481078
18 199 652663652 274481078
155 200 652663652 274481078
201 2 145824762 274481078
142 202 147438575 274481078
203 165 652663652 274481078
204 74 145824762 274481078
190 205 76677890 274481078
176 206 652663652 274481078
207 4 321047257 274481078
208 110 147438575 274481078
151 209 76677890 274481078
59 210 76677890 274481078
211 131 76677890 274481078
184 212 321047257 274481078
213 136 147438575 274481078
214 144 76677890 274481078
215 107 147438575 274481078
216 39 321047257 274481078
8 217 76677890 274481078
218 63 321047257 274481078
219 13 145824762 274481078
220 148 76677890 274481078
221 22 76677890 274481078
31 222 145824762 274481078
108 223 147438575 274481078
213 224 76677890 274481078
28 225 76677890 274481078
124 226 147438575 274481078
227 59 652663652 274481078
74 228 321047257 274481078
229 185 652663652 274481078
230 176 652663652 274481078
231 26 76677890 274481078
176 232 147438575 274481078
233 24 145824762 274481078
231 234 76677890 274481078
235 59 145824762 274481078
136 236 652663652 274481078
104 237 652663652 274481078
89 238 76677890 274481078
239 138 76677890 274481078
240 98 145824762 274481078
135 241 76677890 274481078
226 242 321047257 274481078
108 243 145824762 274481078
163 244 147438575 274481078
215 245 145824762 274481078
246 137 76677890 274481078
247 47 147438575 274481078
248 55 652663652 274481078
41 249 321047257 274481078
4 250 145824762 274481078
124 251 76677890 274481078
252 172 321047257 274481078
253 167 145824762 274481078
254 195 145824762 274481078
226 255 652663652 274481078
26 256 375618583 274481078
257 90 290695450 274481078
258 84 183747139 274481078
259 145 217622594 274481078
260 185 56441907 274481078
171 261 854352437 274481078
67 262 790406481 274481078
88 263 656540038 274481078
130 264 704583067 274481078
265 191 149472309 274481078
116 266 385999722 274481078
212 267 447485293 274481078
162 268 409042814 274481078
269 197 649170187 274481078
270 251 120883818 274481078
222 271 102206554 274481078
272 172 619741241 274481078
109 273 309191572 274481078
274 240 57873705 274481078
275 203 200226586 274481078
276 191 870491768 274481078
277 148 312785532 274481078
278 183 832098821 274481078
279 116 437740673 274481078
1 280 629269402 274481078
281 24 106951353 274481078
282 233 70280090 274481078
39 283 215826453 274481078
73 284 771672731 274481078
285 37 730582060 274481078
286 107 223633297 274481078
287 159 91482779 274481078
288 130 607675965 274481078
253 289 231358395 274481078
290 1 795812590 274481078
291 174 913667884 274481078
292 145 903005792 274481078
293 33 346880000 274481078
294 216 420491452 274481078
89 295 232241459 274481078
296 83 158882467 274481078
52 297 97181486 274481078
298 75 589364521 274481078
299 73 943402515 274481078
300 6 293591361 274481078
301 115 2915822 274481078
187 302 40038598 274481078
227 303 982022941 274481078
304 180 191385499 274481078
228 305 541941844 274481078
137 306 317989891 274481078
4 307 825402903 274481078
308 13 240087443 274481078
218 309 607540658 274481078
14 310 748285423 274481078
311 195 40279382 274481078
43 312 477429246 274481078
106 313 747811710 274481078
114 314 212811485 274481078
215 315 199205155 274481078
228 316 604227327 274481078
131 317 808379557 274481078
179 318 868166260 274481078
319 104 23905771 274481078
320 21 134490167 274481078
35 321 147438575 274481078
45 178 652663652 274481078
189 74 147438575 274481078
149 63 321047257 274481078
160 207 76677890 274481078
147 6 76677890 274481078
110 131 147438575 274481078
67 237 147438575 274481078
127 244 145824762 274481078
136 110 145824762 274481078
227 102 652663652 274481078
135 177 76677890 274481078
121 61 145824762 274481078
30 186 76677890 274481078
18 177 147438575 274481078
321 187 145824762 274481078
248 136 321047257 274481078
200 97 652663652 274481078
170 93 147438575 274481078
113 82 145824762 274481078
207 51 147438575 274481078
52 153 145824762 274481078
151 107 145824762 274481078
137 243 147438575 274481078
133 185 145824762 274481078
4 75 652663652 274481078
47 64 76677890 274481078
165 212 321047257 274481078
255 206 652663652 274481078
149 180 147438575 274481078
64 153 76677890 274481078
56 254 76677890 274481078
124 131 145824762 274481078
127 3 145824762 274481078
230 127 147438575 274481078
201 90 76677890 274481078
245 132 145824762 274481078
70 148 145824762 274481078
125 58 76677890 274481078
221 135 321047257 274481078
115 199 321047257 274481078
154 118 76677890 274481078
169 55 321047257 274481078
84 171 147438575 274481078
132 237 76677890 274481078
209 149 76677890 274481078
34 68 321047257 274481078
117 58 76677890 274481078
173 154 147438575 274481078
62 22 321047257 274481078
254 45 652663652 274481078
135 110 147438575 274481078
42 12 652663652 274481078
248 71 652663652 274481078
114 33 321047257 274481078
140 27 145824762 274481078
183 44 321047257 274481078
109 20 321047257 274481078
47 184 145824762 274481078
116 150 321047257 274481078
33 165 652663652 274481078
160 94 321047257 274481078
69 79 76677890 274481078
142 18 652663652 274481078
141 192 147438575 274481078
19 25 652663652 274481078
152 180 145824762 274481078
220 23 76677890 274481078
38 150 147438575 274481078
161 149 321047257 274481078
27 195 147438575 274481078
140 245 652663652 274481078
216 150 76677890 274481078
70 201 145824762 274481078
214 213 321047257 274481078
249 25 321047257 274481078
321 128 147438575 274481078
90 187 76677890 274481078
109 145 321047257 274481078
67 74 321047257 274481078
88 186 145824762 274481078
66 223 76677890 274481078
171 138 147438575 274481078
123 197 321047257 274481078
41 50 321047257 274481078
80 27 147438575 274481078
6 237 321047257 274481078
100 27 76677890 274481078
128 161 145824762 274481078
141 94 652663652 274481078
14 210 321047257 274481078
73 205 321047257 274481078
51 176 76677890 274481078
71 38 145824762 274481078
190 75 147438575 274481078
223 78 145824762 274481078
110 123 321047257 274481078
252 157 147438575 274481078
45 41 147438575 274481078
177 212 145824762 274481078
50 63 147438575 274481078
236 77 652663652 274481078
189 160 321047257 274481078
70 238 652663652 274481078
81 60 321047257 274481078
30 242 147438575 274481078
130 231 321047257 274481078
254 92 145824762 274481078
142 179 147438575 274481078
199 254 76677890 274481078
174 60 147438575 274481078
46 96 652663652 274481078
223 179 76677890 274481078
254 232 145824762 274481078
139 223 76677890 274481078
210 26 147438575 274481078
73 7 145824762 274481078
210 139 76677890 274481078
321 85 145824762 274481078
55 232 321047257 274481078
151 222 147438575 274481078
10 36 145824762 274481078
223 215 321047257 274481078
35 106 652663652 274481078
253 173 147438575 274481078
194 37 145824762 274481078
16 201 76677890 274481078
89 142 145824762 274481078
56 197 76677890 274481078
220 176 145824762 274481078
82 60 652663652 274481078
16 186 321047257 274481078
48 30 147438575 274481078
251 11 76677890 274481078
166 154 147438575 274481078
188 53 147438575 274481078
213 195 147438575 274481078
210 197 321047257 274481078
172 228 652663652 274481078
213 37 76677890 274481078
189 234 652663652 274481078
165 168 321047257 274481078
3 184 321047257 274481078
111 145 147438575 274481078
214 178 76677890 274481078
141 43 147438575 274481078
119 103 652663652 274481078
76 60 145824762 274481078
93 178 147438575 274481078
126 222 76677890 274481078
156 31 147438575 274481078
51 54 76677890 274481078
151 241 652663652 274481078
115 8 652663652 274481078
75 244 147438575 274481078
6 35 147438575 274481078
27 210 147438575 274481078
16 4 76677890 274481078
72 195 652663652 274481078
251 205 76677890 274481078
160 100 321047257 274481078
85 4 145824762 274481078
179 165 147438575 274481078
60 161 652663652 274481078
34 220 321047257 274481078
31 199 321047257 274481078
46 128 652663652 274481078
243 50 145824762 274481078
88 185 145824762 274481078
5 249 321047257 274481078
152 37 76677890 274481078
30 109 147438575 274481078
154 5 321047257 274481078
70 97 145824762 274481078
237 147 321047257 274481078
169 103 321047257 274481078
177 157 147438575 274481078
190 214 145824762 274481078
88 240 147438575 274481078
190 238 76677890 274481078
215 154 652663652 274481078
243 36 321047257 274481078
50 188 147438575 274481078
95 4 145824762 274481078
35 14 76677890 274481078
215 13 652663652 274481078
102 82 76677890 274481078
129 26 321047257 274481078
239 160 145824762 274481078
125 63 147438575 274481078
36 20 76677890 274481078
118 32 145824762 274481078
5 67 147438575 274481078
105 24 76677890 274481078
197 222 652663652 274481078
50 122 145824762 274481078
82 159 145824762 274481078
7 44 145824762 274481078
186 182 147438575 274481078
40 22 76677890 274481078
52 58 147438575 274481078
180 54 147438575 274481078
6 139 147438575 274481078
38 77 321047257 274481078
83 224 145824762 274481078
145 70 652663652 274481078
153 19 147438575 274481078
95 242 147438575 274481078
15 35 147438575 274481078
12 39 76677890 274481078
128 34 652663652 274481078
78 109 145824762 274481078
193 79 652663652 274481078
76 238 321047257 274481078
104 22 652663652 274481078
158 198 321047257 274481078
204 254 652663652 274481078
171 1 76677890 274481078
255 101 652663652 274481078
101 78 147438575 274481078
18 98 76677890 274481078
22 137 147438575 274481078
252 39 76677890 274481078
209 16 147438575 274481078
115 35 147438575 274481078
141 157 145824762 274481078
180 121 76677890 274481078
162 168 321047257 274481078
79 218 147438575 274481078
168 92 147438575 274481078
89 189 76677890 274481078
214 138 145824762 274481078
13 97 147438575 274481078
55 112 147438575 274481078
226 106 76677890 274481078
212 156 652663652 274481078
253 174 76677890 274481078
171 189 321047257 274481078
58 186 321047257 274481078
117 209 76677890 274481078
121 55 652663652 274481078
98 239 652663652 274481078
66 196 145824762 274481078
134 110 652663652 274481078
226 246 321047257 274481078
19 95 76677890 274481078
162 208 321047257 274481078
16 170 147438575 274481078
232 123 652663652 274481078
178 250 76677890 274481078
142 54 145824762 274481078
83 246 76677890 274481078
16 150 76677890 274481078
22 154 76677890 274481078
247 1 145824762 274481078
84 26 147438575 274481078
53 22 145824762 274481078
171 186 145824762 274481078
15 101 76677890 274481078
145 41 145824762 274481078
184 145 321047257 274481078
176 72 652663652 274481078
114 94 652663652 274481078
245 114 147438575 274481078
205 157 76677890 274481078
11 37 652663652 274481078
154 3 76677890 274481078
172 52 652663652 274481078
125 71 652663652 274481078
40 254 321047257 274481078
146 115 145824762 274481078
63 26 652663652 274481078
41 111 652663652 274481078
225 171 145824762 274481078
41 81 145824762 274481078
131 37 76677890 274481078
177 28 321047257 274481078
149 67 76677890 274481078
196 39 145824762 274481078
7 164 652663652 274481078
129 31 76677890 274481078
155 170 76677890 274481078
103 84 76677890 274481078
192 190 76677890 274481078
137 181 145824762 274481078
199 189 145824762 274481078
183 241 652663652 274481078
147 115 652663652 274481078
77 188 145824762 274481078
183 56 76677890 274481078
140 160 321047257 274481078
75 108 652663652 274481078
176 130 321047257 274481078
67 133 145824762 274481078
97 190 145824762 274481078
103 12 76677890 274481078
52 38 147438575 274481078
149 33 76677890 274481078
124 238 321047257 274481078
156 184 76677890 274481078
239 131 145824762 274481078
196 253 652663652 274481078
152 58 145824762 274481078
159 83 76677890 274481078
152 8 652663652 274481078
225 57 652663652 274481078
117 3 147438575 274481078
82 1 652663652 274481078
6 138 145824762 274481078
31 132 145824762 274481078
99 215 145824762 274481078
246 7 652663652 274481078
18 157 145824762 274481078
68 143 76677890 274481078
204 30 652663652 274481078
240 19 76677890 274481078
85 72 147438575 274481078
134 246 321047257 274481078
186 62 652663652 274481078
32 4 145824762 274481078
44 21 321047257 274481078
166 72 145824762 274481078
5 237 147438575 274481078
6 218 147438575 274481078
135 62 147438575 274481078
200 113 652663652 274481078
114 177 145824762 274481078
168 238 76677890 274481078
229 69 652663652 274481078
128 199 145824762 274481078
50 231 652663652 274481078
26 229 321047257 274481078
147 226 321047257 274481078
57 121 145824762 274481078
117 22 145824762 274481078
94 135 321047257 274481078
150 157 76677890 274481078
74 237 76677890 274481078
117 228 145824762 274481078
33 179 76677890 274481078
207 321 147438575 274481078
68 134 145824762 274481078
169 50 652663652 274481078
104 85 147438575 274481078
84 99 652663652 274481078
27 230 321047257 274481078
68 199 76677890 274481078
48 78 145824762 274481078
89 111 147438575 274481078
131 172 321047257 274481078
204 127 76677890 274481078
248 153 652663652 274481078
201 27 76677890 274481078
228 62 147438575 274481078
232 46 321047257 274481078
130 244 145824762 274481078
221 184 145824762 274481078
77 213 147438575 274481078
35 181 76677890 274481078
230 174 147438575 274481078
4 176 652663652 274481078
25 35 652663652 274481078
196 96 145824762 274481078
89 40 145824762 274481078
93 119 145824762 274481078
159 206 652663652 274481078
52 244 76677890 274481078
102 88 76677890 274481078
241 34 652663652 274481078
248 235 147438575 274481078
151 192 652663652 274481078
94 72 145824762 274481078
177 31 145824762 274481078
216 62 652663652 274481078
234 14 76677890 274481078
69 42 145824762 274481078
230 62 321047257 274481078
82 240 652663652 274481078
220 135 321047257 274481078
121 198 147438575 274481078
71 216 652663652 274481078
64 220 652663652 274481078
24 187 652663652 274481078
213 157 652663652 274481078
8 56 321047257 274481078
69 44 76677890 274481078
212 134 652663652 274481078
153 61 145824762 274481078
168 61 76677890 274481078
11 169 145824762 274481078
15 79 321047257 274481078
79 142 321047257 274481078
196 113 321047257 274481078
89 130 76677890 274481078
61 217 76677890 274481078
236 9 76677890 274481078
71 176 76677890 274481078
159 125 147438575 274481078
204 38 76677890 274481078
55 228 652663652 274481078
106 20 321047257 274481078
5 107 145824762 274481078
244 168 652663652 274481078
173 180 145824762 274481078
106 39 76677890 274481078
198 250 321047257 274481078
29 222 147438575 274481078
142 73 147438575 274481078
159 247 147438575 274481078
107 216 145824762 274481078
178 202 76677890 274481078
68 187 652663652 274481078
172 67 652663652 274481078
13 34 321047257 274481078
108 26 145824762 274481078
19 151 321047257 274481078
176 18 76677890 274481078
58 34 321047257 274481078
76 42 147438575 274481078
5 241 76677890 274481078
65 249 652663652 274481078
250 92 147438575 274481078
68 46 145824762 274481078
172 135 145824762 274481078
21 214 76677890 274481078
172 59 147438575 274481078
153 245 321047257 274481078
60 235 147438575 274481078
51 213 652663652 274481078
37 107 652663652 274481078
125 43 147438575 274481078
102 71 652663652 274481078
98 177 76677890 274481078
203 147 321047257 274481078
194 93 652663652 274481078
247 140 652663652 274481078
150 136 147438575 274481078
231 245 145824762 274481078
1 221 76677890 274481078
74 120 145824762 274481078
124 148 145824762 274481078
175 234 147438575 274481078
32 83 147438575 274481078
171 180 147438575 274481078
46 196 145824762 274481078
86 129 652663652 274481078
251 31 147438575 274481078
12 218 145824762 274481078
72 173 321047257 274481078
55 35 76677890 274481078
192 249 147438575 274481078
210 176 652663652 274481078
237 109 76677890 274481078
6 227 321047257 274481078
28 209 145824762 274481078
7 21 145824762 274481078
67 227 76677890 274481078
39 71 652663652 274481078
157 55 76677890 274481078
83 14 652663652 274481078
232 214 321047257 274481078
134 93 652663652 274481078
242 82 321047257 274481078
53 136 321047257 274481078
70 219 652663652 274481078
81 236 145824762 274481078
134 191 321047257 274481078
31 41 76677890 274481078
12 169 76677890 274481078
32 64 321047257 274481078
89 54 321047257 274481078
180 117 652663652 274481078
46 118 147438575 274481078
180 24 145824762 274481078
101 16 76677890 274481078
193 116 147438575 274481078
85 252 652663652 274481078
215 206 652663652 274481078
42 154 147438575 274481078
30 247 652663652 274481078
206 128 76677890 274481078
217 178 147438575 274481078
120 83 147438575 274481078
169 25 321047257 274481078
66 62 145824762 274481078
172 186 145824762 274481078
86 136 145824762 274481078
128 98 145824762 274481078
239 82 76677890 274481078
210 177 147438575 274481078
