713 1260
2 1 69145672 2530268
2 3 318867872 2530268
1 4 619490019 2530268
4 5 69145672 2530268
5 6 619490019 2530268
6 7 619490019 2530268
8 6 318867872 2530268
3 9 619490019 2530268
7 10 69145672 2530268
11 8 952514667 2530268
8 12 952514667 2530268
13 4 517332417 2530268
14 11 318867872 2530268
12 15 619490019 2530268
16 10 69145672 2530268
17 5 69145672 2530268
4 18 318867872 2530268
15 19 318867872 2530268
8 20 952514667 2530268
18 21 69145672 2530268
2 22 619490019 2530268
2 23 318867872 2530268
24 8 69145672 2530268
6 25 318867872 2530268
26 17 69145672 2530268
27 18 318867872 2530268
28 8 517332417 2530268
29 3 69145672 2530268
3 30 318867872 2530268
1 31 952514667 2530268
23 32 69145672 2530268
20 33 619490019 2530268
10 34 619490019 2530268
31 35 619490019 2530268
36 8 952514667 2530268
37 12 69145672 2530268
22 38 318867872 2530268
7 39 318867872 2530268
40 12 318867872 2530268
41 16 69145672 2530268
42 31 952514667 2530268
43 17 69145672 2530268
44 9 318867872 2530268
45 15 952514667 2530268
31 46 318867872 2530268
47 13 952514667 2530268
48 41 69145672 2530268
15 49 517332417 2530268
50 21 69145672 2530268
50 51 318867872 2530268
25 52 517332417 2530268
4 53 952514667 2530268
9 54 517332417 2530268
7 55 318867872 2530268
56 2 318867872 2530268
57 22 517332417 2530268
17 58 69145672 2530268
59 12 952514667 2530268
36 60 952514667 2530268
53 61 619490019 2530268
62 25 619490019 2530268
63 23 619490019 2530268
16 64 69145672 2530268
65 23 952514667 2530268
66 1 318867872 2530268
67 12 69145672 2530268
68 41 952514667 2530268
69 48 619490019 2530268
67 70 619490019 2530268
28 71 517332417 2530268
72 34 952514667 2530268
55 73 952514667 2530268
74 34 69145672 2530268
32 75 318867872 2530268
33 76 69145672 2530268
40 77 69145672 2530268
54 78 517332417 2530268
79 67 619490019 2530268
34 80 517332417 2530268
68 81 517332417 2530268
82 44 517332417 2530268
83 3 619490019 2530268
32 84 619490019 2530268
33 85 952514667 2530268
4 86 517332417 2530268
50 87 619490019 2530268
88 23 952514667 2530268
38 89 318867872 2530268
90 72 517332417 2530268
91 74 952514667 2530268
46 92 952514667 2530268
59 93 69145672 2530268
94 48 517332417 2530268
95 22 517332417 2530268
84 96 517332417 2530268
2 97 69145672 2530268
98 15 69145672 2530268
85 99 619490019 2530268
100 29 318867872 2530268
101 38 318867872 2530268
102 30 517332417 2530268
91 103 952514667 2530268
87 104 318867872 2530268
70 105 619490019 2530268
106 62 69145672 2530268
107 83 318867872 2530268
30 108 619490019 2530268
98 109 318867872 2530268
96 110 952514667 2530268
111 50 619490019 2530268
112 36 517332417 2530268
89 113 619490019 2530268
114 43 69145672 2530268
115 78 517332417 2530268
116 67 952514667 2530268
117 64 517332417 2530268
118 76 517332417 2530268
119 84 952514667 2530268
120 80 619490019 2530268
15 121 619490019 2530268
122 82 318867872 2530268
5 123 619490019 2530268
124 63 517332417 2530268
125 63 517332417 2530268
126 110 619490019 2530268
127 88 952514667 2530268
11 128 69145672 2530268
119 129 69145672 2530268
59 130 318867872 2530268
36 131 952514667 2530268
63 132 952514667 2530268
133 3 952514667 2530268
93 134 517332417 2530268
135 85 69145672 2530268
77 136 517332417 2530268
11 137 318867872 2530268
53 138 318867872 2530268
139 51 318867872 2530268
59 140 318867872 2530268
65 141 318867872 2530268
50 142 318867872 2530268
78 143 619490019 2530268
144 136 318867872 2530268
144 145 952514667 2530268
35 146 619490019 2530268
105 147 517332417 2530268
44 148 69145672 2530268
57 149 318867872 2530268
48 150 619490019 2530268
151 90 517332417 2530268
152 110 952514667 2530268
133 153 318867872 2530268
123 154 517332417 2530268
72 155 69145672 2530268
145 156 517332417 2530268
63 157 952514667 2530268
158 113 952514667 2530268
159 69 318867872 2530268
63 160 952514667 2530268
161 114 619490019 2530268
118 162 952514667 2530268
163 54 69145672 2530268
29 164 619490019 2530268
165 138 318867872 2530268
166 3 517332417 2530268
81 167 318867872 2530268
137 168 619490019 2530268
5 169 952514667 2530268
154 170 517332417 2530268
155 171 952514667 2530268
107 172 517332417 2530268
145 173 952514667 2530268
174 86 517332417 2530268
175 93 318867872 2530268
176 90 619490019 2530268
137 177 318867872 2530268
14 178 619490019 2530268
67 179 69145672 2530268
180 112 952514667 2530268
19 181 619490019 2530268
52 182 318867872 2530268
183 67 517332417 2530268
184 152 517332417 2530268
179 185 619490019 2530268
19 186 952514667 2530268
187 56 69145672 2530268
112 188 69145672 2530268
115 189 517332417 2530268
190 77 952514667 2530268
191 9 318867872 2530268
192 173 69145672 2530268
193 100 69145672 2530268
144 194 517332417 2530268
195 86 952514667 2530268
154 196 952514667 2530268
197 132 318867872 2530268
185 198 952514667 2530268
199 72 318867872 2530268
169 200 619490019 2530268
156 201 69145672 2530268
141 202 318867872 2530268
24 203 517332417 2530268
139 204 952514667 2530268
205 121 517332417 2530268
206 198 952514667 2530268
207 169 952514667 2530268
208 174 318867872 2530268
184 209 619490019 2530268
202 210 517332417 2530268
67 211 318867872 2530268
15 212 517332417 2530268
162 213 318867872 2530268
71 214 952514667 2530268
215 205 69145672 2530268
50 216 619490019 2530268
217 66 517332417 2530268
218 189 318867872 2530268
219 89 952514667 2530268
43 220 69145672 2530268
211 221 318867872 2530268
222 136 69145672 2530268
48 223 318867872 2530268
224 7 517332417 2530268
124 225 619490019 2530268
95 226 69145672 2530268
38 227 619490019 2530268
38 228 619490019 2530268
198 229 69145672 2530268
197 230 517332417 2530268
231 159 952514667 2530268
13 232 619490019 2530268
74 233 619490019 2530268
234 37 952514667 2530268
108 235 619490019 2530268
81 236 952514667 2530268
78 237 318867872 2530268
238 154 952514667 2530268
239 214 318867872 2530268
240 114 952514667 2530268
241 124 619490019 2530268
43 242 517332417 2530268
27 243 619490019 2530268
244 226 69145672 2530268
142 245 69145672 2530268
240 246 318867872 2530268
247 6 69145672 2530268
168 248 517332417 2530268
117 249 619490019 2530268
250 4 619490019 2530268
142 251 517332417 2530268
252 133 517332417 2530268
253 1 69145672 2530268
254 150 619490019 2530268
255 158 69145672 2530268
212 256 318867872 2530268
222 257 619490019 2530268
258 41 318867872 2530268
259 112 619490019 2530268
191 260 69145672 2530268
261 250 318867872 2530268
91 262 952514667 2530268
156 263 952514667 2530268
264 39 517332417 2530268
265 251 517332417 2530268
199 266 952514667 2530268
7 267 69145672 2530268
179 268 619490019 2530268
59 269 952514667 2530268
179 270 517332417 2530268
271 173 517332417 2530268
96 272 318867872 2530268
273 46 619490019 2530268
235 274 318867872 2530268
275 171 952514667 2530268
190 276 517332417 2530268
277 60 517332417 2530268
278 19 619490019 2530268
42 279 952514667 2530268
280 177 318867872 2530268
266 281 318867872 2530268
282 154 517332417 2530268
283 149 619490019 2530268
3 284 517332417 2530268
285 156 952514667 2530268
65 286 69145672 2530268
25 287 517332417 2530268
13 288 619490019 2530268
289 199 952514667 2530268
290 127 69145672 2530268
84 291 952514667 2530268
292 219 952514667 2530268
293 174 318867872 2530268
58 294 318867872 2530268
295 8 517332417 2530268
206 296 952514667 2530268
83 297 952514667 2530268
298 246 517332417 2530268
193 299 318867872 2530268
300 170 517332417 2530268
301 253 619490019 2530268
302 215 952514667 2530268
177 303 517332417 2530268
12 304 318867872 2530268
305 49 619490019 2530268
306 199 619490019 2530268
307 213 952514667 2530268
308 115 619490019 2530268
309 68 69145672 2530268
310 239 69145672 2530268
311 132 952514667 2530268
34 312 619490019 2530268
313 79 952514667 2530268
314 160 517332417 2530268
163 315 318867872 2530268
222 316 318867872 2530268
317 231 69145672 2530268
9 318 619490019 2530268
319 14 952514667 2530268
151 320 517332417 2530268
288 321 952514667 2530268
322 201 318867872 2530268
36 323 619490019 2530268
264 324 69145672 2530268
325 120 619490019 2530268
171 326 69145672 2530268
327 178 318867872 2530268
328 317 318867872 2530268
122 329 517332417 2530268
330 278 619490019 2530268
331 270 517332417 2530268
332 105 619490019 2530268
333 9 952514667 2530268
334 111 318867872 2530268
67 335 69145672 2530268
295 336 69145672 2530268
337 268 517332417 2530268
338 310 318867872 2530268
314 339 952514667 2530268
340 28 619490019 2530268
326 341 517332417 2530268
186 342 517332417 2530268
33 343 318867872 2530268
148 344 952514667 2530268
134 345 619490019 2530268
346 72 952514667 2530268
283 347 619490019 2530268
348 121 69145672 2530268
280 349 69145672 2530268
350 40 952514667 2530268
260 351 517332417 2530268
352 4 318867872 2530268
315 353 318867872 2530268
354 296 517332417 2530268
93 355 318867872 2530268
213 356 517332417 2530268
357 350 517332417 2530268
358 317 619490019 2530268
261 359 69145672 2530268
360 171 69145672 2530268
361 187 517332417 2530268
152 362 517332417 2530268
87 363 619490019 2530268
364 141 517332417 2530268
130 365 318867872 2530268
366 95 952514667 2530268
367 39 69145672 2530268
368 90 69145672 2530268
369 69 952514667 2530268
370 290 69145672 2530268
371 137 318867872 2530268
372 49 517332417 2530268
163 373 318867872 2530268
229 374 69145672 2530268
375 135 517332417 2530268
376 298 318867872 2530268
66 377 318867872 2530268
107 378 517332417 2530268
320 379 619490019 2530268
380 346 619490019 2530268
161 381 69145672 2530268
382 320 952514667 2530268
326 383 69145672 2530268
116 384 318867872 2530268
385 189 517332417 2530268
386 156 517332417 2530268
387 378 69145672 2530268
388 310 69145672 2530268
224 389 517332417 2530268
390 253 318867872 2530268
391 259 952514667 2530268
325 392 952514667 2530268
393 45 517332417 2530268
394 113 318867872 2530268
229 395 952514667 2530268
16 396 69145672 2530268
266 397 619490019 2530268
398 85 69145672 2530268
14 399 952514667 2530268
78 400 69145672 2530268
401 233 619490019 2530268
402 177 952514667 2530268
403 96 318867872 2530268
399 404 517332417 2530268
141 405 619490019 2530268
406 141 952514667 2530268
407 178 69145672 2530268
202 408 69145672 2530268
409 292 619490019 2530268
182 410 952514667 2530268
411 200 517332417 2530268
213 412 952514667 2530268
413 386 517332417 2530268
414 324 952514667 2530268
308 415 619490019 2530268
312 416 517332417 2530268
44 417 619490019 2530268
229 418 69145672 2530268
419 119 517332417 2530268
70 420 952514667 2530268
274 421 318867872 2530268
422 117 318867872 2530268
135 423 619490019 2530268
317 424 952514667 2530268
425 17 619490019 2530268
80 426 318867872 2530268
427 285 517332417 2530268
151 428 517332417 2530268
429 145 517332417 2530268
430 237 952514667 2530268
431 35 318867872 2530268
432 176 619490019 2530268
333 433 517332417 2530268
2 434 69145672 2530268
194 435 517332417 2530268
436 31 619490019 2530268
253 437 69145672 2530268
438 316 619490019 2530268
439 156 517332417 2530268
91 440 318867872 2530268
289 441 517332417 2530268
442 407 952514667 2530268
212 443 619490019 2530268
87 444 69145672 2530268
358 445 952514667 2530268
73 446 517332417 2530268
181 447 318867872 2530268
163 448 318867872 2530268
63 449 517332417 2530268
72 450 517332417 2530268
335 451 69145672 2530268
30 452 517332417 2530268
177 453 952514667 2530268
292 454 318867872 2530268
291 455 517332417 2530268
456 416 318867872 2530268
457 445 318867872 2530268
458 125 619490019 2530268
459 108 318867872 2530268
62 460 69145672 2530268
450 461 952514667 2530268
74 462 619490019 2530268
93 463 952514667 2530268
464 47 69145672 2530268
126 465 517332417 2530268
466 304 69145672 2530268
391 467 318867872 2530268
468 186 318867872 2530268
469 255 619490019 2530268
261 470 517332417 2530268
316 471 952514667 2530268
212 472 318867872 2530268
473 252 318867872 2530268
474 101 69145672 2530268
475 360 619490019 2530268
146 476 952514667 2530268
238 477 517332417 2530268
478 332 318867872 2530268
479 285 952514667 2530268
480 29 619490019 2530268
144 481 517332417 2530268
33 482 69145672 2530268
483 148 69145672 2530268
145 484 517332417 2530268
485 188 619490019 2530268
420 486 619490019 2530268
487 288 952514667 2530268
488 157 952514667 2530268
489 333 69145672 2530268
490 84 517332417 2530268
491 277 69145672 2530268
492 139 69145672 2530268
493 150 952514667 2530268
316 494 619490019 2530268
57 495 952514667 2530268
496 382 619490019 2530268
497 447 517332417 2530268
51 498 517332417 2530268
309 499 318867872 2530268
193 500 619490019 2530268
67 501 952514667 2530268
479 502 952514667 2530268
503 202 952514667 2530268
473 504 619490019 2530268
454 505 952514667 2530268
101 506 517332417 2530268
218 507 69145672 2530268
106 508 619490019 2530268
509 486 318867872 2530268
510 194 69145672 2530268
324 511 619490019 2530268
454 512 517332417 2530268
513 346 69145672 2530268
304 514 69145672 2530268
515 80 517332417 2530268
291 516 318867872 2530268
517 194 619490019 2530268
417 518 318867872 2530268
54 519 517332417 2530268
520 263 318867872 2530268
521 187 69145672 2530268
118 522 318867872 2530268
280 523 517332417 2530268
394 524 318867872 2530268
525 23 69145672 2530268
526 408 952514667 2530268
527 514 517332417 2530268
38 528 69145672 2530268
529 242 952514667 2530268
530 174 619490019 2530268
531 85 619490019 2530268
397 532 952514667 2530268
533 327 318867872 2530268
246 534 318867872 2530268
14 535 952514667 2530268
536 175 952514667 2530268
198 537 69145672 2530268
67 538 69145672 2530268
539 332 69145672 2530268
61 540 619490019 2530268
541 93 952514667 2530268
542 425 952514667 2530268
183 543 318867872 2530268
544 223 318867872 2530268
420 545 619490019 2530268
546 239 318867872 2530268
547 501 952514667 2530268
148 548 318867872 2530268
275 549 517332417 2530268
429 550 952514667 2530268
101 551 952514667 2530268
552 8 69145672 2530268
57 553 952514667 2530268
249 554 517332417 2530268
99 555 619490019 2530268
556 438 952514667 2530268
557 512 318867872 2530268
228 558 952514667 2530268
559 202 318867872 2530268
249 560 952514667 2530268
204 561 619490019 2530268
562 251 619490019 2530268
563 233 952514667 2530268
564 109 517332417 2530268
85 565 517332417 2530268
246 566 619490019 2530268
567 359 318867872 2530268
568 524 69145672 2530268
569 405 952514667 2530268
229 570 538213579 2530268
571 107 661449168 2530268
312 572 537042394 2530268
325 573 351781995 2530268
78 574 386517227 2530268
575 417 858458584 2530268
576 129 785354341 2530268
577 123 541942531 2530268
578 264 570287394 2530268
579 84 507048390 2530268
580 377 847426019 2530268
581 213 582461468 2530268
115 582 455146781 2530268
583 544 289308311 2530268
88 584 754401667 2530268
585 410 894085259 2530268
586 423 803087908 2530268
587 327 110159203 2530268
434 588 642553919 2530268
338 589 661614312 2530268
409 590 192682863 2530268
591 262 775070061 2530268
431 592 735251531 2530268
593 102 32524830 2530268
594 151 687779310 2530268
440 595 265650544 2530268
488 596 156555265 2530268
597 523 102771835 2530268
562 598 204676155 2530268
432 599 888431996 2530268
431 600 284560347 2530268
601 277 476572231 2530268
602 439 871721066 2530268
296 603 774941686 2530268
47 604 626583967 2530268
605 237 387202535 2530268
606 153 797959534 2530268
104 607 646532965 2530268
155 608 779537831 2530268
609 506 78304515 2530268
478 610 712622567 2530268
611 489 983206014 2530268
612 57 112610857 2530268
123 613 947558006 2530268
101 614 810685225 2530268
99 615 374666066 2530268
616 172 522800432 2530268
49 617 560622456 2530268
618 105 841001885 2530268
161 619 635493336 2530268
316 620 911865801 2530268
621 292 885215077 2530268
622 97 460124765 2530268
623 27 40007170 2530268
624 526 107393925 2530268
625 382 622103716 2530268
257 626 201247619 2530268
627 360 703332406 2530268
628 315 114992755 2530268
425 629 689940609 2530268
630 325 256539995 2530268
631 507 457629400 2530268
632 384 235610306 2530268
633 411 380557612 2530268
634 399 238937924 2530268
499 635 387272019 2530268
636 123 599856260 2530268
637 137 77029800 2530268
512 638 379545122 2530268
639 119 360688637 2530268
410 640 994718485 2530268
357 641 538357832 2530268
564 642 128529588 2530268
323 643 957260202 2530268
644 517 665845138 2530268
645 343 727899616 2530268
505 646 375257275 2530268
438 647 35948602 2530268
133 648 216487460 2530268
649 111 427317162 2530268
650 272 395291535 2530268
651 193 764277798 2530268
157 652 5076500 2530268
545 653 705267990 2530268
521 654 167545650 2530268
143 655 465016242 2530268
656 211 433439788 2530268
657 35 38462767 2530268
658 428 651333986 2530268
121 659 115905433 2530268
15 660 98727744 2530268
661 275 981849841 2530268
243 662 459550985 2530268
663 397 864893070 2530268
664 287 235514964 2530268
665 240 495672580 2530268
375 666 830360103 2530268
667 447 719561892 2530268
4 668 305685251 2530268
174 669 313836412 2530268
276 670 446978232 2530268
671 495 107967359 2530268
469 672 438170954 2530268
279 673 205128779 2530268
674 279 181097726 2530268
675 420 467965648 2530268
676 478 405506848 2530268
677 349 833071594 2530268
678 538 987912254 2530268
679 474 917517673 2530268
680 521 781408011 2530268
368 681 575138336 2530268
682 253 947222208 2530268
208 683 875162441 2530268
684 2 51344864 2530268
685 379 474027664 2530268
132 686 234991466 2530268
331 687 289794390 2530268
688 272 447657483 2530268
481 689 960866712 2530268
690 123 964976498 2530268
286 691 253521496 2530268
692 162 604400254 2530268
266 693 830269268 2530268
312 694 832335431 2530268
71 695 389048561 2530268
557 696 241170289 2530268
177 697 566002740 2530268
698 160 719509003 2530268
534 699 898881930 2530268
700 358 664963102 2530268
701 70 233619456 2530268
341 702 615610791 2530268
703 526 252721393 2530268
1 704 71827521 2530268
111 705 955353759 2530268
706 221 131483309 2530268
707 264 722763546 2530268
708 102 453350887 2530268
709 39 298083899 2530268
153 710 952411938 2530268
138 711 257059247 2530268
712 312 977472633 2530268
713 538 517332417 2530268
532 269 517332417 2530268
71 461 517332417 2530268
210 128 69145672 2530268
32 195 619490019 2530268
552 491 318867872 2530268
375 43 517332417 2530268
112 264 318867872 2530268
425 566 517332417 2530268
252 232 69145672 2530268
231 290 619490019 2530268
38 253 318867872 2530268
40 142 619490019 2530268
236 17 517332417 2530268
163 544 69145672 2530268
469 303 69145672 2530268
149 369 69145672 2530268
184 399 69145672 2530268
516 237 952514667 2530268
164 339 517332417 2530268
294 166 952514667 2530268
27 190 69145672 2530268
522 392 517332417 2530268
566 360 619490019 2530268
534 36 69145672 2530268
289 261 517332417 2530268
274 279 517332417 2530268
127 152 517332417 2530268
316 360 318867872 2530268
96 198 69145672 2530268
243 279 517332417 2530268
463 381 619490019 2530268
499 208 69145672 2530268
251 536 952514667 2530268
454 201 69145672 2530268
74 236 952514667 2530268
135 425 952514667 2530268
371 311 517332417 2530268
15 37 619490019 2530268
475 235 619490019 2530268
536 158 318867872 2530268
37 191 619490019 2530268
271 494 69145672 2530268
291 173 952514667 2530268
199 555 952514667 2530268
46 481 69145672 2530268
224 545 952514667 2530268
160 306 69145672 2530268
378 289 952514667 2530268
346 247 517332417 2530268
306 318 517332417 2530268
388 553 619490019 2530268
390 182 517332417 2530268
226 97 517332417 2530268
274 504 517332417 2530268
267 113 619490019 2530268
243 136 619490019 2530268
315 451 517332417 2530268
96 435 952514667 2530268
183 301 952514667 2530268
342 564 69145672 2530268
54 192 69145672 2530268
447 94 69145672 2530268
269 469 69145672 2530268
354 408 952514667 2530268
195 336 517332417 2530268
203 271 952514667 2530268
226 294 952514667 2530268
388 364 69145672 2530268
158 555 952514667 2530268
399 427 952514667 2530268
47 270 619490019 2530268
565 230 952514667 2530268
121 171 69145672 2530268
59 394 619490019 2530268
430 358 952514667 2530268
171 200 69145672 2530268
8 531 619490019 2530268
244 302 517332417 2530268
16 102 517332417 2530268
181 209 69145672 2530268
80 59 69145672 2530268
195 85 69145672 2530268
327 292 318867872 2530268
469 317 69145672 2530268
507 550 69145672 2530268
130 111 517332417 2530268
330 110 619490019 2530268
531 320 69145672 2530268
70 470 318867872 2530268
464 95 69145672 2530268
10 131 619490019 2530268
265 85 69145672 2530268
345 142 952514667 2530268
230 386 619490019 2530268
480 297 69145672 2530268
194 384 69145672 2530268
238 458 517332417 2530268
567 448 952514667 2530268
330 270 318867872 2530268
476 432 952514667 2530268
215 234 69145672 2530268
339 223 517332417 2530268
360 154 952514667 2530268
449 543 952514667 2530268
472 133 952514667 2530268
249 534 318867872 2530268
170 330 69145672 2530268
285 307 69145672 2530268
509 252 318867872 2530268
28 90 619490019 2530268
174 499 517332417 2530268
176 413 952514667 2530268
388 166 619490019 2530268
371 191 952514667 2530268
238 226 69145672 2530268
340 451 318867872 2530268
333 302 517332417 2530268
311 168 318867872 2530268
330 116 619490019 2530268
211 186 952514667 2530268
362 411 69145672 2530268
251 400 517332417 2530268
564 55 69145672 2530268
138 108 318867872 2530268
409 475 69145672 2530268
1 186 318867872 2530268
102 216 318867872 2530268
69 235 517332417 2530268
16 14 318867872 2530268
214 337 517332417 2530268
557 268 318867872 2530268
497 173 69145672 2530268
334 25 517332417 2530268
249 101 517332417 2530268
425 528 517332417 2530268
146 320 69145672 2530268
389 358 619490019 2530268
235 546 318867872 2530268
8 322 619490019 2530268
50 303 69145672 2530268
422 95 517332417 2530268
198 56 517332417 2530268
56 19 952514667 2530268
431 241 619490019 2530268
36 384 619490019 2530268
459 306 318867872 2530268
80 513 952514667 2530268
565 398 517332417 2530268
306 346 952514667 2530268
382 197 318867872 2530268
35 81 318867872 2530268
328 269 318867872 2530268
18 402 318867872 2530268
249 315 619490019 2530268
229 265 318867872 2530268
98 126 318867872 2530268
305 189 318867872 2530268
544 230 69145672 2530268
502 264 619490019 2530268
500 210 69145672 2530268
129 521 619490019 2530268
426 5 619490019 2530268
60 337 318867872 2530268
41 27 517332417 2530268
5 294 619490019 2530268
409 244 619490019 2530268
260 207 952514667 2530268
257 523 517332417 2530268
445 94 517332417 2530268
473 249 619490019 2530268
314 244 517332417 2530268
84 163 619490019 2530268
402 479 69145672 2530268
492 79 952514667 2530268
447 505 517332417 2530268
97 61 318867872 2530268
199 300 69145672 2530268
71 347 69145672 2530268
23 419 69145672 2530268
457 377 619490019 2530268
125 401 952514667 2530268
425 146 619490019 2530268
16 530 318867872 2530268
114 353 69145672 2530268
16 46 619490019 2530268
59 60 69145672 2530268
390 377 952514667 2530268
50 27 318867872 2530268
435 56 619490019 2530268
63 276 952514667 2530268
509 331 517332417 2530268
292 260 952514667 2530268
331 394 69145672 2530268
444 221 69145672 2530268
36 143 619490019 2530268
248 32 952514667 2530268
226 263 952514667 2530268
172 202 619490019 2530268
243 417 69145672 2530268
351 234 619490019 2530268
177 324 952514667 2530268
504 328 69145672 2530268
323 16 952514667 2530268
16 78 69145672 2530268
385 496 69145672 2530268
562 356 517332417 2530268
394 507 952514667 2530268
546 484 517332417 2530268
368 367 517332417 2530268
109 355 69145672 2530268
480 312 517332417 2530268
190 179 517332417 2530268
517 553 318867872 2530268
542 331 69145672 2530268
277 293 952514667 2530268
3 52 69145672 2530268
258 233 517332417 2530268
193 164 952514667 2530268
318 141 952514667 2530268
49 40 619490019 2530268
73 18 517332417 2530268
313 24 318867872 2530268
359 349 619490019 2530268
97 219 619490019 2530268
305 182 619490019 2530268
272 160 619490019 2530268
538 382 952514667 2530268
226 218 952514667 2530268
360 102 318867872 2530268
424 102 952514667 2530268
443 429 517332417 2530268
207 58 69145672 2530268
66 406 318867872 2530268
500 501 69145672 2530268
299 553 69145672 2530268
392 459 318867872 2530268
137 567 69145672 2530268
30 31 69145672 2530268
470 137 517332417 2530268
118 288 517332417 2530268
324 80 619490019 2530268
133 121 952514667 2530268
498 506 619490019 2530268
433 341 619490019 2530268
94 107 517332417 2530268
493 33 69145672 2530268
155 4 952514667 2530268
115 42 69145672 2530268
66 368 318867872 2530268
359 292 318867872 2530268
531 421 952514667 2530268
39 392 517332417 2530268
69 346 318867872 2530268
37 195 318867872 2530268
427 277 318867872 2530268
457 429 952514667 2530268
268 564 619490019 2530268
63 72 318867872 2530268
189 539 69145672 2530268
13 474 952514667 2530268
445 498 69145672 2530268
161 290 69145672 2530268
90 266 952514667 2530268
367 369 619490019 2530268
199 382 619490019 2530268
337 423 517332417 2530268
139 77 69145672 2530268
305 241 952514667 2530268
304 512 619490019 2530268
198 461 952514667 2530268
453 319 318867872 2530268
33 266 952514667 2530268
161 158 619490019 2530268
367 516 952514667 2530268
310 395 517332417 2530268
363 268 517332417 2530268
523 279 69145672 2530268
57 38 69145672 2530268
235 34 619490019 2530268
504 394 517332417 2530268
448 411 318867872 2530268
249 460 69145672 2530268
157 400 619490019 2530268
363 67 69145672 2530268
140 7 517332417 2530268
316 8 318867872 2530268
243 307 69145672 2530268
127 70 517332417 2530268
148 327 69145672 2530268
177 430 619490019 2530268
159 182 517332417 2530268
314 465 619490019 2530268
254 227 69145672 2530268
501 267 619490019 2530268
563 304 318867872 2530268
510 266 517332417 2530268
480 301 69145672 2530268
405 17 69145672 2530268
250 84 318867872 2530268
29 268 952514667 2530268
424 152 619490019 2530268
213 265 318867872 2530268
51 163 318867872 2530268
433 222 619490019 2530268
68 562 69145672 2530268
43 338 69145672 2530268
392 334 517332417 2530268
77 542 69145672 2530268
204 47 517332417 2530268
98 246 69145672 2530268
115 503 318867872 2530268
548 461 318867872 2530268
344 266 517332417 2530268
232 251 619490019 2530268
268 376 517332417 2530268
384 212 619490019 2530268
68 467 952514667 2530268
227 183 69145672 2530268
189 387 619490019 2530268
40 209 318867872 2530268
530 166 69145672 2530268
277 129 318867872 2530268
376 410 517332417 2530268
319 384 517332417 2530268
274 345 318867872 2530268
167 391 318867872 2530268
252 399 69145672 2530268
115 9 952514667 2530268
473 32 318867872 2530268
258 453 517332417 2530268
545 132 318867872 2530268
477 554 318867872 2530268
358 239 318867872 2530268
303 449 69145672 2530268
70 201 619490019 2530268
381 415 318867872 2530268
145 41 517332417 2530268
360 114 619490019 2530268
406 553 69145672 2530268
344 313 517332417 2530268
426 530 69145672 2530268
206 101 318867872 2530268
240 75 619490019 2530268
66 357 318867872 2530268
554 498 318867872 2530268
539 535 619490019 2530268
459 202 517332417 2530268
545 451 69145672 2530268
370 436 517332417 2530268
378 181 952514667 2530268
511 530 318867872 2530268
391 410 517332417 2530268
382 244 69145672 2530268
325 562 318867872 2530268
475 303 619490019 2530268
487 84 517332417 2530268
20 510 619490019 2530268
495 532 69145672 2530268
203 48 517332417 2530268
51 355 517332417 2530268
313 501 517332417 2530268
149 319 517332417 2530268
358 347 69145672 2530268
184 219 619490019 2530268
329 165 318867872 2530268
7 9 69145672 2530268
713 42 517332417 2530268
555 91 619490019 2530268
61 442 517332417 2530268
319 87 69145672 2530268
452 262 619490019 2530268
269 466 619490019 2530268
398 320 619490019 2530268
66 424 318867872 2530268
545 222 318867872 2530268
77 495 517332417 2530268
50 151 952514667 2530268
479 336 318867872 2530268
188 314 517332417 2530268
14 452 517332417 2530268
258 380 619490019 2530268
69 237 952514667 2530268
70 564 69145672 2530268
136 88 517332417 2530268
104 528 952514667 2530268
170 64 517332417 2530268
24 153 69145672 2530268
431 58 517332417 2530268
261 103 619490019 2530268
36 421 69145672 2530268
212 477 517332417 2530268
510 713 517332417 2530268
302 137 952514667 2530268
436 121 619490019 2530268
441 395 952514667 2530268
557 408 517332417 2530268
147 12 69145672 2530268
502 476 318867872 2530268
501 445 318867872 2530268
70 560 952514667 2530268
241 129 619490019 2530268
549 205 517332417 2530268
356 175 619490019 2530268
496 569 69145672 2530268
159 310 318867872 2530268
207 484 69145672 2530268
115 215 69145672 2530268
73 484 517332417 2530268
479 444 952514667 2530268
521 531 69145672 2530268
422 158 318867872 2530268
426 389 69145672 2530268
349 358 517332417 2530268
52 104 619490019 2530268
537 478 69145672 2530268
506 119 318867872 2530268
407 13 619490019 2530268
122 38 517332417 2530268
504 263 952514667 2530268
354 213 69145672 2530268
473 326 69145672 2530268
152 387 517332417 2530268
553 529 517332417 2530268
66 8 952514667 2530268
273 391 318867872 2530268
285 308 69145672 2530268
247 509 318867872 2530268
352 300 318867872 2530268
476 405 318867872 2530268
21 140 517332417 2530268
511 36 952514667 2530268
156 438 318867872 2530268
212 67 619490019 2530268
492 248 69145672 2530268
495 221 318867872 2530268
332 241 69145672 2530268
166 168 619490019 2530268
510 495 318867872 2530268
287 144 952514667 2530268
535 552 318867872 2530268
462 111 318867872 2530268
213 56 952514667 2530268
316 38 517332417 2530268
143 487 952514667 2530268
212 371 619490019 2530268
393 263 517332417 2530268
382 238 952514667 2530268
126 192 517332417 2530268
453 163 952514667 2530268
440 318 619490019 2530268
170 434 318867872 2530268
140 196 952514667 2530268
263 500 318867872 2530268
208 25 69145672 2530268
376 155 619490019 2530268
172 295 69145672 2530268
308 34 69145672 2530268
185 175 619490019 2530268
111 38 69145672 2530268
183 392 318867872 2530268
248 290 318867872 2530268
20 246 952514667 2530268
215 489 952514667 2530268
327 273 619490019 2530268
212 292 952514667 2530268
224 131 69145672 2530268
103 464 952514667 2530268
496 345 517332417 2530268
279 102 952514667 2530268
355 182 517332417 2530268
302 512 318867872 2530268
435 51 318867872 2530268
216 423 517332417 2530268
255 428 69145672 2530268
317 383 318867872 2530268
150 258 952514667 2530268
530 207 517332417 2530268
7 392 619490019 2530268
502 8 517332417 2530268
552 270 517332417 2530268
568 390 517332417 2530268
464 478 69145672 2530268
9 240 619490019 2530268
248 252 318867872 2530268
544 89 318867872 2530268
479 562 619490019 2530268
456 134 952514667 2530268
272 88 318867872 2530268
286 367 952514667 2530268
311 270 69145672 2530268
560 228 318867872 2530268
232 436 69145672 2530268
50 215 952514667 2530268
36 257 69145672 2530268
48 37 69145672 2530268
214 432 619490019 2530268
323 553 517332417 2530268
109 188 517332417 2530268
194 467 952514667 2530268
127 238 517332417 2530268
451 39 517332417 2530268
20 326 69145672 2530268
547 464 517332417 2530268
57 307 952514667 2530268
318 127 619490019 2530268
309 454 517332417 2530268
7 202 952514667 2530268
402 399 69145672 2530268
430 346 318867872 2530268
527 211 619490019 2530268
234 183 318867872 2530268
209 112 952514667 2530268
67 421 69145672 2530268
211 360 517332417 2530268
194 498 318867872 2530268
567 178 952514667 2530268
481 272 517332417 2530268
165 467 619490019 2530268
407 400 619490019 2530268
135 397 619490019 2530268
410 202 517332417 2530268
27 126 69145672 2530268
52 380 517332417 2530268
149 499 69145672 2530268
80 361 318867872 2530268
369 73 318867872 2530268
321 386 517332417 2530268
152 9 619490019 2530268
297 362 318867872 2530268
70 126 318867872 2530268
458 261 318867872 2530268
429 489 517332417 2530268
51 162 952514667 2530268
531 345 517332417 2530268
436 203 517332417 2530268
234 273 517332417 2530268
531 159 517332417 2530268
565 190 517332417 2530268
69 266 952514667 2530268
150 451 952514667 2530268
238 156 619490019 2530268
408 42 69145672 2530268
403 526 952514667 2530268
364 63 619490019 2530268
520 394 517332417 2530268
106 175 69145672 2530268
450 466 517332417 2530268
365 85 619490019 2530268
