459 1528
1 2 231969485 95922174
3 1 214877274 95922174
1 4 214877274 95922174
5 4 249572347 95922174
6 5 962218 95922174
7 3 231969485 95922174
3 8 577907875 95922174
2 9 249572347 95922174
3 10 577907875 95922174
9 11 962218 95922174
12 9 231969485 95922174
4 13 231969485 95922174
14 11 962218 95922174
15 8 577907875 95922174
16 10 577907875 95922174
17 13 962218 95922174
13 18 577907875 95922174
19 7 962218 95922174
12 20 577907875 95922174
21 12 231969485 95922174
22 2 577907875 95922174
9 23 214877274 95922174
24 23 962218 95922174
14 25 249572347 95922174
8 26 577907875 95922174
5 27 577907875 95922174
28 14 249572347 95922174
17 29 231969485 95922174
7 30 577907875 95922174
22 31 214877274 95922174
31 32 577907875 95922174
33 1 214877274 95922174
34 6 577907875 95922174
35 2 214877274 95922174
4 36 231969485 95922174
6 37 962218 95922174
28 38 231969485 95922174
33 39 962218 95922174
40 3 214877274 95922174
41 8 962218 95922174
42 38 577907875 95922174
43 4 962218 95922174
44 21 577907875 95922174
5 45 214877274 95922174
16 46 231969485 95922174
15 47 962218 95922174
48 24 577907875 95922174
49 34 214877274 95922174
45 50 577907875 95922174
51 5 577907875 95922174
3 52 962218 95922174
22 53 962218 95922174
54 49 214877274 95922174
55 27 577907875 95922174
56 21 962218 95922174
57 20 249572347 95922174
57 58 231969485 95922174
59 39 962218 95922174
60 17 249572347 95922174
18 61 577907875 95922174
38 62 577907875 95922174
54 63 962218 95922174
64 17 577907875 95922174
46 65 214877274 95922174
66 54 214877274 95922174
67 22 249572347 95922174
65 68 231969485 95922174
30 69 214877274 95922174
70 2 962218 95922174
71 45 249572347 95922174
44 72 214877274 95922174
73 49 962218 95922174
74 73 577907875 95922174
41 75 962218 95922174
73 76 249572347 95922174
10 77 214877274 95922174
78 17 249572347 95922174
79 39 231969485 95922174
80 60 214877274 95922174
79 81 214877274 95922174
82 23 962218 95922174
52 83 231969485 95922174
84 70 962218 95922174
54 85 249572347 95922174
86 36 249572347 95922174
87 39 577907875 95922174
29 88 962218 95922174
42 89 214877274 95922174
90 15 962218 95922174
69 91 577907875 95922174
92 13 577907875 95922174
93 45 231969485 95922174
94 54 249572347 95922174
91 95 231969485 95922174
96 95 249572347 95922174
59 97 249572347 95922174
3 98 231969485 95922174
5 99 962218 95922174
8 100 962218 95922174
101 50 962218 95922174
102 31 577907875 95922174
103 80 249572347 95922174
79 104 962218 95922174
29 105 577907875 95922174
20 106 214877274 95922174
107 79 214877274 95922174
86 108 249572347 95922174
62 109 214877274 95922174
61 110 231969485 95922174
7 111 962218 95922174
112 48 231969485 95922174
113 31 231969485 95922174
114 23 249572347 95922174
115 31 214877274 95922174
116 100 249572347 95922174
113 117 962218 95922174
118 19 214877274 95922174
119 6 214877274 95922174
120 63 577907875 95922174
121 119 577907875 95922174
116 122 249572347 95922174
123 61 214877274 95922174
124 109 249572347 95922174
61 125 249572347 95922174
126 46 231969485 95922174
127 71 214877274 95922174
128 91 231969485 95922174
14 129 577907875 95922174
130 74 214877274 95922174
12 131 962218 95922174
132 122 249572347 95922174
133 74 231969485 95922174
134 99 962218 95922174
135 99 249572347 95922174
136 40 577907875 95922174
101 137 231969485 95922174
138 108 214877274 95922174
139 105 577907875 95922174
25 140 577907875 95922174
141 82 249572347 95922174
54 142 962218 95922174
139 143 249572347 95922174
144 76 231969485 95922174
145 67 214877274 95922174
90 146 249572347 95922174
76 147 249572347 95922174
148 68 962218 95922174
149 126 962218 95922174
14 150 577907875 95922174
17 151 577907875 95922174
56 152 231969485 95922174
17 153 214877274 95922174
154 15 962218 95922174
144 155 249572347 95922174
156 101 249572347 95922174
108 157 577907875 95922174
106 158 231969485 95922174
155 159 249572347 95922174
160 9 231969485 95922174
86 161 577907875 95922174
162 154 231969485 95922174
163 156 214877274 95922174
164 128 962218 95922174
165 57 249572347 95922174
166 156 577907875 95922174
37 167 577907875 95922174
168 28 577907875 95922174
88 169 249572347 95922174
27 170 577907875 95922174
143 171 577907875 95922174
52 172 577907875 95922174
47 173 214877274 95922174
16 174 577907875 95922174
120 175 249572347 95922174
27 176 231969485 95922174
156 177 962218 95922174
178 152 231969485 95922174
135 179 231969485 95922174
180 179 249572347 95922174
46 181 214877274 95922174
171 182 214877274 95922174
183 171 962218 95922174
184 175 231969485 95922174
14 185 231969485 95922174
72 186 577907875 95922174
46 187 214877274 95922174
188 146 577907875 95922174
13 189 249572347 95922174
190 77 249572347 95922174
191 187 577907875 95922174
192 55 214877274 95922174
193 135 249572347 95922174
194 141 214877274 95922174
195 48 231969485 95922174
111 196 249572347 95922174
197 135 249572347 95922174
198 171 249572347 95922174
199 57 249572347 95922174
134 200 249572347 95922174
4 201 214877274 95922174
83 202 577907875 95922174
203 164 962218 95922174
146 204 231969485 95922174
205 160 231969485 95922174
206 99 962218 95922174
85 207 231969485 95922174
78 208 577907875 95922174
209 184 231969485 95922174
58 210 231969485 95922174
211 156 231969485 95922174
212 45 249572347 95922174
138 213 249572347 95922174
34 214 962218 95922174
39 215 577907875 95922174
216 76 577907875 95922174
186 217 231969485 95922174
64 218 249572347 95922174
101 219 249572347 95922174
220 63 214877274 95922174
221 180 249572347 95922174
126 222 577907875 95922174
137 223 249572347 95922174
68 224 577907875 95922174
225 106 231969485 95922174
86 226 962218 95922174
227 119 214877274 95922174
187 228 214877274 95922174
229 78 962218 95922174
230 191 214877274 95922174
231 22 214877274 95922174
109 232 962218 95922174
185 233 231969485 95922174
234 90 214877274 95922174
121 235 962218 95922174
236 157 231969485 95922174
237 149 962218 95922174
177 238 577907875 95922174
239 162 577907875 95922174
38 240 231969485 95922174
213 241 231969485 95922174
92 242 577907875 95922174
243 233 577907875 95922174
207 244 249572347 95922174
24 245 962218 95922174
246 193 214877274 95922174
107 247 962218 95922174
248 220 214877274 95922174
208 249 214877274 95922174
124 250 214877274 95922174
251 245 577907875 95922174
65 252 231969485 95922174
3 253 249572347 95922174
254 142 214877274 95922174
255 83 214877274 95922174
205 256 577907875 95922174
257 227 249572347 95922174
258 23 249572347 95922174
32 259 962218 95922174
68 260 231969485 95922174
33 261 577907875 95922174
91 262 214877274 95922174
220 263 249572347 95922174
264 62 249572347 95922174
265 256 214877274 95922174
266 99 214877274 95922174
267 15 249572347 95922174
268 14 214877274 95922174
38 269 962218 95922174
270 152 249572347 95922174
271 247 577907875 95922174
244 272 962218 95922174
273 182 231969485 95922174
16 274 231969485 95922174
275 205 249572347 95922174
11 276 214877274 95922174
277 188 962218 95922174
194 278 962218 95922174
238 279 962218 95922174
185 280 962218 95922174
281 249 249572347 95922174
73 282 577907875 95922174
215 283 577907875 95922174
284 208 249572347 95922174
30 285 231969485 95922174
48 286 577907875 95922174
3 287 577907875 95922174
288 93 249572347 95922174
289 72 214877274 95922174
252 290 962218 95922174
291 136 249572347 95922174
292 110 214877274 95922174
293 250 962218 95922174
251 294 577907875 95922174
128 295 577907875 95922174
296 162 231969485 95922174
297 246 962218 95922174
298 81 962218 95922174
299 4 577907875 95922174
300 56 231969485 95922174
301 80 214877274 95922174
302 64 577907875 95922174
144 303 231969485 95922174
304 41 577907875 95922174
305 163 214877274 95922174
144 306 231969485 95922174
261 307 249572347 95922174
196 308 577907875 95922174
126 309 231969485 95922174
310 77 249572347 95922174
311 110 962218 95922174
247 312 962218 95922174
88 313 577907875 95922174
314 214 577907875 95922174
89 315 231969485 95922174
316 161 962218 95922174
317 146 249572347 95922174
10 318 249572347 95922174
148 319 231969485 95922174
222 320 962218 95922174
28 321 249572347 95922174
322 239 577907875 95922174
94 323 962218 95922174
6 324 231969485 95922174
325 129 962218 95922174
326 88 214877274 95922174
181 327 249572347 95922174
328 294 231969485 95922174
224 329 577907875 95922174
330 211 962218 95922174
43 331 231969485 95922174
332 181 249572347 95922174
19 333 577907875 95922174
245 334 249572347 95922174
335 94 962218 95922174
336 311 214877274 95922174
337 303 962218 95922174
95 338 249572347 95922174
339 160 214877274 95922174
166 340 577907875 95922174
341 41 577907875 95922174
170 342 577907875 95922174
343 130 577907875 95922174
289 344 214877274 95922174
345 197 577907875 95922174
346 272 214877274 95922174
347 337 231969485 95922174
348 231 962218 95922174
162 349 962218 95922174
350 307 249572347 95922174
351 254 231969485 95922174
110 352 231969485 95922174
107 353 249572347 95922174
354 111 231969485 95922174
70 355 214877274 95922174
356 106 249572347 95922174
322 357 962218 95922174
135 358 214877274 95922174
49 359 249572347 95922174
360 337 249572347 95922174
361 156 214877274 95922174
167 362 577907875 95922174
363 117 214877274 95922174
131 364 214877274 95922174
365 140 249572347 95922174
268 366 231969485 95922174
367 113 782809761 95922174
368 230 737543662 95922174
369 41 255284859 95922174
370 59 907402433 95922174
371 24 808738910 95922174
156 372 247372848 95922174
373 103 772306314 95922174
374 346 290050085 95922174
375 70 624313341 95922174
376 169 655992462 95922174
377 283 454406921 95922174
102 378 45110533 95922174
4 379 742637841 95922174
203 380 577302463 95922174
200 381 796019063 95922174
382 66 895160078 95922174
383 144 201223333 95922174
140 384 691464458 95922174
191 385 584369515 95922174
386 351 499399695 95922174
387 187 63780831 95922174
388 224 725273194 95922174
293 389 795433188 95922174
280 390 472698726 95922174
297 391 334509111 95922174
360 392 339876819 95922174
393 57 800185488 95922174
394 11 948550326 95922174
395 269 153014094 95922174
173 396 895041576 95922174
278 397 177900379 95922174
398 170 616098171 95922174
58 399 978044750 95922174
400 236 460237508 95922174
189 401 670189717 95922174
272 402 254738632 95922174
171 403 44591435 95922174
342 404 701703365 95922174
240 405 752879460 95922174
151 406 314545257 95922174
307 407 313955736 95922174
215 408 501673584 95922174
212 409 954478427 95922174
96 410 886880572 95922174
289 411 824913746 95922174
312 412 544270322 95922174
413 264 463329010 95922174
414 259 478302731 95922174
415 259 627893247 95922174
416 318 839273155 95922174
86 417 276259273 95922174
418 243 35431252 95922174
419 132 745067151 95922174
420 158 613757491 95922174
221 421 601478232 95922174
53 422 213776873 95922174
196 423 97894040 95922174
424 37 83536824 95922174
149 425 692724610 95922174
187 426 671343353 95922174
427 50 564778931 95922174
428 208 705073567 95922174
429 235 569669388 95922174
430 262 986130718 95922174
291 431 154598291 95922174
432 325 433574875 95922174
433 366 9721209 95922174
434 224 899642409 95922174
435 42 293670692 95922174
35 436 69067282 95922174
8 437 321730948 95922174
145 438 750398399 95922174
439 102 438434365 95922174
327 440 325312321 95922174
149 441 857707434 95922174
285 442 200242284 95922174
443 294 214945949 95922174
444 132 852860797 95922174
445 364 247278807 95922174
446 122 35364482 95922174
154 447 902328269 95922174
242 448 118624286 95922174
449 96 30112095 95922174
450 67 815755060 95922174
57 451 55041181 95922174
344 452 522822240 95922174
453 317 843532122 95922174
454 177 225615650 95922174
231 455 631223621 95922174
322 456 411753370 95922174
457 336 692245341 95922174
458 166 591739894 95922174
354 459 962218 95922174
290 143 962218 95922174
300 102 962218 95922174
235 22 249572347 95922174
129 66 214877274 95922174
308 10 577907875 95922174
208 86 577907875 95922174
183 234 577907875 95922174
91 286 214877274 95922174
269 128 577907875 95922174
93 210 577907875 95922174
167 346 231969485 95922174
279 255 577907875 95922174
60 347 577907875 95922174
307 47 231969485 95922174
118 58 249572347 95922174
212 180 231969485 95922174
115 271 249572347 95922174
298 210 231969485 95922174
65 253 231969485 95922174
132 26 214877274 95922174
245 60 577907875 95922174
323 342 249572347 95922174
54 308 249572347 95922174
235 57 962218 95922174
247 343 214877274 95922174
163 242 231969485 95922174
109 189 962218 95922174
236 51 577907875 95922174
131 31 231969485 95922174
235 327 962218 95922174
99 23 231969485 95922174
361 343 231969485 95922174
264 115 231969485 95922174
288 188 214877274 95922174
32 350 249572347 95922174
323 37 249572347 95922174
206 342 962218 95922174
22 157 214877274 95922174
199 212 577907875 95922174
34 213 962218 95922174
358 286 249572347 95922174
366 85 214877274 95922174
240 264 214877274 95922174
46 173 962218 95922174
293 310 214877274 95922174
313 295 231969485 95922174
233 182 214877274 95922174
152 14 214877274 95922174
58 349 214877274 95922174
210 235 249572347 95922174
25 17 577907875 95922174
212 82 962218 95922174
100 260 214877274 95922174
254 215 962218 95922174
363 122 231969485 95922174
312 78 214877274 95922174
78 145 249572347 95922174
91 28 231969485 95922174
7 231 214877274 95922174
286 361 249572347 95922174
174 27 231969485 95922174
71 310 249572347 95922174
352 288 214877274 95922174
115 230 214877274 95922174
303 44 577907875 95922174
303 220 231969485 95922174
70 329 577907875 95922174
36 118 231969485 95922174
328 248 249572347 95922174
183 191 249572347 95922174
351 27 577907875 95922174
272 103 249572347 95922174
140 286 214877274 95922174
213 76 962218 95922174
183 262 249572347 95922174
168 100 249572347 95922174
356 177 231969485 95922174
82 139 577907875 95922174
227 73 577907875 95922174
17 79 577907875 95922174
69 70 231969485 95922174
305 234 249572347 95922174
246 43 231969485 95922174
51 52 249572347 95922174
198 61 962218 95922174
247 352 214877274 95922174
65 58 577907875 95922174
54 202 577907875 95922174
209 99 214877274 95922174
235 269 231969485 95922174
179 323 214877274 95922174
262 150 249572347 95922174
60 128 577907875 95922174
63 27 577907875 95922174
145 268 962218 95922174
295 74 214877274 95922174
322 195 249572347 95922174
312 288 231969485 95922174
122 336 249572347 95922174
351 322 249572347 95922174
85 146 214877274 95922174
48 329 249572347 95922174
52 304 231969485 95922174
121 226 962218 95922174
347 355 577907875 95922174
289 194 214877274 95922174
299 338 962218 95922174
31 221 577907875 95922174
93 24 214877274 95922174
136 298 214877274 95922174
310 121 214877274 95922174
107 285 962218 95922174
17 298 214877274 95922174
258 104 577907875 95922174
129 224 231969485 95922174
215 221 577907875 95922174
36 59 577907875 95922174
225 180 577907875 95922174
180 139 214877274 95922174
344 132 249572347 95922174
271 138 231969485 95922174
348 182 231969485 95922174
151 301 214877274 95922174
55 25 249572347 95922174
190 261 962218 95922174
54 170 214877274 95922174
259 177 249572347 95922174
285 55 231969485 95922174
263 175 214877274 95922174
107 277 962218 95922174
109 290 577907875 95922174
152 223 249572347 95922174
73 279 962218 95922174
320 211 249572347 95922174
221 102 214877274 95922174
165 218 962218 95922174
296 312 577907875 95922174
65 222 231969485 95922174
361 195 231969485 95922174
98 305 231969485 95922174
350 231 214877274 95922174
239 136 249572347 95922174
180 156 962218 95922174
116 262 249572347 95922174
313 109 577907875 95922174
267 293 214877274 95922174
128 219 577907875 95922174
213 90 249572347 95922174
173 214 577907875 95922174
158 115 577907875 95922174
211 90 249572347 95922174
158 42 962218 95922174
294 333 231969485 95922174
226 1 962218 95922174
59 331 962218 95922174
288 329 231969485 95922174
13 123 214877274 95922174
203 274 214877274 95922174
256 209 214877274 95922174
365 266 214877274 95922174
94 265 962218 95922174
191 77 577907875 95922174
105 20 577907875 95922174
292 217 214877274 95922174
290 302 962218 95922174
248 195 577907875 95922174
316 84 962218 95922174
37 101 577907875 95922174
76 118 214877274 95922174
10 354 577907875 95922174
242 365 231969485 95922174
361 113 249572347 95922174
354 281 577907875 95922174
329 94 249572347 95922174
217 134 214877274 95922174
362 80 962218 95922174
48 331 577907875 95922174
306 293 577907875 95922174
334 221 962218 95922174
253 127 249572347 95922174
345 110 249572347 95922174
173 362 962218 95922174
119 172 962218 95922174
364 325 231969485 95922174
77 61 962218 95922174
133 4 231969485 95922174
268 134 214877274 95922174
330 116 231969485 95922174
5 176 214877274 95922174
67 226 214877274 95922174
296 299 577907875 95922174
233 333 214877274 95922174
40 318 231969485 95922174
139 205 231969485 95922174
98 133 962218 95922174
290 8 214877274 95922174
126 300 231969485 95922174
199 72 249572347 95922174
206 187 249572347 95922174
69 108 231969485 95922174
182 272 962218 95922174
4 66 577907875 95922174
133 32 231969485 95922174
286 319 231969485 95922174
278 356 962218 95922174
123 135 231969485 95922174
19 183 231969485 95922174
216 361 577907875 95922174
186 316 249572347 95922174
255 312 577907875 95922174
308 86 214877274 95922174
189 145 214877274 95922174
12 259 962218 95922174
252 239 577907875 95922174
8 129 962218 95922174
121 57 577907875 95922174
311 252 962218 95922174
20 62 577907875 95922174
291 94 249572347 95922174
156 257 249572347 95922174
213 210 231969485 95922174
277 7 214877274 95922174
166 282 231969485 95922174
204 4 577907875 95922174
168 173 214877274 95922174
84 64 962218 95922174
192 117 962218 95922174
322 272 962218 95922174
138 301 214877274 95922174
111 29 214877274 95922174
41 107 214877274 95922174
77 172 214877274 95922174
169 296 249572347 95922174
2 169 249572347 95922174
300 2 577907875 95922174
66 333 249572347 95922174
190 332 249572347 95922174
64 289 249572347 95922174
276 342 962218 95922174
172 114 214877274 95922174
307 258 962218 95922174
78 177 577907875 95922174
38 60 577907875 95922174
217 251 577907875 95922174
104 4 214877274 95922174
300 127 962218 95922174
351 320 249572347 95922174
334 126 214877274 95922174
286 277 231969485 95922174
141 263 231969485 95922174
134 101 249572347 95922174
143 140 214877274 95922174
310 98 214877274 95922174
319 305 231969485 95922174
75 343 214877274 95922174
333 299 249572347 95922174
255 152 214877274 95922174
6 142 577907875 95922174
181 144 249572347 95922174
156 37 577907875 95922174
216 346 577907875 95922174
121 248 962218 95922174
21 81 214877274 95922174
97 333 249572347 95922174
83 4 577907875 95922174
157 106 231969485 95922174
147 145 962218 95922174
118 108 962218 95922174
166 344 577907875 95922174
168 178 231969485 95922174
15 69 214877274 95922174
310 339 249572347 95922174
200 342 962218 95922174
287 225 249572347 95922174
167 301 577907875 95922174
116 29 231969485 95922174
1 21 249572347 95922174
122 169 962218 95922174
345 293 577907875 95922174
355 274 231969485 95922174
65 203 231969485 95922174
281 302 214877274 95922174
76 182 231969485 95922174
35 297 577907875 95922174
46 259 231969485 95922174
302 213 214877274 95922174
361 232 962218 95922174
238 225 962218 95922174
229 322 962218 95922174
225 364 249572347 95922174
79 180 577907875 95922174
268 340 231969485 95922174
294 186 249572347 95922174
270 267 249572347 95922174
7 207 249572347 95922174
234 62 231969485 95922174
259 54 249572347 95922174
69 232 962218 95922174
50 172 249572347 95922174
299 211 249572347 95922174
113 200 962218 95922174
20 344 577907875 95922174
37 322 577907875 95922174
62 96 249572347 95922174
104 184 231969485 95922174
152 219 577907875 95922174
155 365 231969485 95922174
149 161 214877274 95922174
26 271 577907875 95922174
36 239 231969485 95922174
269 264 962218 95922174
195 9 577907875 95922174
30 230 962218 95922174
224 54 231969485 95922174
118 361 231969485 95922174
314 254 214877274 95922174
32 41 231969485 95922174
228 183 577907875 95922174
291 198 214877274 95922174
111 179 231969485 95922174
338 139 962218 95922174
258 80 577907875 95922174
100 41 962218 95922174
218 346 249572347 95922174
159 151 577907875 95922174
268 345 962218 95922174
319 94 231969485 95922174
119 1 577907875 95922174
121 41 577907875 95922174
332 235 962218 95922174
318 335 231969485 95922174
172 291 214877274 95922174
29 318 249572347 95922174
117 193 577907875 95922174
48 164 577907875 95922174
358 205 577907875 95922174
126 32 962218 95922174
155 276 962218 95922174
349 236 249572347 95922174
324 10 214877274 95922174
323 64 231969485 95922174
312 81 577907875 95922174
4 102 249572347 95922174
107 322 214877274 95922174
312 167 231969485 95922174
129 104 231969485 95922174
185 15 577907875 95922174
107 38 214877274 95922174
186 289 962218 95922174
183 133 249572347 95922174
71 87 214877274 95922174
340 316 249572347 95922174
178 19 214877274 95922174
120 128 249572347 95922174
362 330 214877274 95922174
293 130 962218 95922174
360 253 249572347 95922174
230 101 249572347 95922174
202 131 962218 95922174
239 17 214877274 95922174
337 117 249572347 95922174
355 110 214877274 95922174
343 290 231969485 95922174
69 178 962218 95922174
38 120 249572347 95922174
271 86 249572347 95922174
130 109 231969485 95922174
202 11 214877274 95922174
269 76 214877274 95922174
53 39 231969485 95922174
107 137 249572347 95922174
239 150 962218 95922174
137 26 214877274 95922174
135 334 249572347 95922174
235 284 214877274 95922174
353 339 214877274 95922174
121 344 231969485 95922174
331 185 577907875 95922174
102 189 214877274 95922174
201 92 962218 95922174
289 110 214877274 95922174
121 223 249572347 95922174
138 28 249572347 95922174
123 188 214877274 95922174
21 86 214877274 95922174
158 202 249572347 95922174
97 148 577907875 95922174
93 330 214877274 95922174
324 206 249572347 95922174
17 80 231969485 95922174
234 51 214877274 95922174
53 155 577907875 95922174
149 210 962218 95922174
185 242 231969485 95922174
16 329 249572347 95922174
319 201 577907875 95922174
22 203 577907875 95922174
239 210 214877274 95922174
354 300 214877274 95922174
291 65 214877274 95922174
145 312 249572347 95922174
317 37 231969485 95922174
95 323 249572347 95922174
345 167 249572347 95922174
215 284 249572347 95922174
228 125 962218 95922174
74 153 231969485 95922174
41 63 962218 95922174
278 337 577907875 95922174
78 216 214877274 95922174
226 240 214877274 95922174
161 199 214877274 95922174
183 268 214877274 95922174
112 238 962218 95922174
48 19 214877274 95922174
278 41 214877274 95922174
191 353 231969485 95922174
330 247 249572347 95922174
12 19 231969485 95922174
227 319 962218 95922174
160 211 214877274 95922174
297 105 577907875 95922174
249 301 231969485 95922174
22 256 249572347 95922174
133 177 214877274 95922174
198 15 214877274 95922174
317 69 249572347 95922174
101 270 962218 95922174
351 198 214877274 95922174
49 200 249572347 95922174
64 95 962218 95922174
120 173 249572347 95922174
272 230 249572347 95922174
244 338 577907875 95922174
190 342 231969485 95922174
91 20 577907875 95922174
295 312 231969485 95922174
123 142 214877274 95922174
259 355 577907875 95922174
160 193 577907875 95922174
275 115 577907875 95922174
85 161 577907875 95922174
201 289 249572347 95922174
328 148 962218 95922174
333 253 577907875 95922174
270 187 231969485 95922174
99 161 249572347 95922174
257 309 249572347 95922174
165 314 214877274 95922174
336 82 249572347 95922174
330 114 249572347 95922174
210 173 249572347 95922174
269 168 231969485 95922174
82 100 962218 95922174
195 215 249572347 95922174
232 165 249572347 95922174
290 334 214877274 95922174
81 198 962218 95922174
4 49 249572347 95922174
299 166 214877274 95922174
215 162 231969485 95922174
193 265 249572347 95922174
72 227 231969485 95922174
339 185 231969485 95922174
362 303 214877274 95922174
9 17 249572347 95922174
146 330 962218 95922174
233 309 249572347 95922174
91 57 962218 95922174
180 5 249572347 95922174
125 102 214877274 95922174
87 91 249572347 95922174
24 169 214877274 95922174
143 26 962218 95922174
277 54 962218 95922174
203 246 962218 95922174
79 20 249572347 95922174
200 127 577907875 95922174
332 67 249572347 95922174
272 33 249572347 95922174
189 205 214877274 95922174
32 112 577907875 95922174
1 140 214877274 95922174
226 9 962218 95922174
339 319 214877274 95922174
192 237 962218 95922174
108 99 214877274 95922174
192 110 962218 95922174
325 44 214877274 95922174
281 306 231969485 95922174
52 132 214877274 95922174
324 180 249572347 95922174
42 108 577907875 95922174
189 285 577907875 95922174
125 39 214877274 95922174
178 146 249572347 95922174
300 92 231969485 95922174
229 72 962218 95922174
58 40 249572347 95922174
364 18 214877274 95922174
9 147 577907875 95922174
92 168 577907875 95922174
183 243 214877274 95922174
337 192 231969485 95922174
8 297 962218 95922174
16 40 214877274 95922174
109 28 249572347 95922174
53 357 577907875 95922174
138 113 962218 95922174
184 306 249572347 95922174
203 171 231969485 95922174
228 363 577907875 95922174
84 355 214877274 95922174
245 346 577907875 95922174
339 91 231969485 95922174
193 221 577907875 95922174
258 245 577907875 95922174
363 5 577907875 95922174
211 249 962218 95922174
137 12 214877274 95922174
353 290 962218 95922174
37 121 214877274 95922174
238 149 962218 95922174
286 127 249572347 95922174
148 8 231969485 95922174
202 167 577907875 95922174
202 44 962218 95922174
145 225 231969485 95922174
262 201 249572347 95922174
119 7 214877274 95922174
261 20 962218 95922174
156 159 249572347 95922174
283 350 962218 95922174
72 45 249572347 95922174
295 278 577907875 95922174
337 291 577907875 95922174
107 212 249572347 95922174
89 238 962218 95922174
266 252 249572347 95922174
335 229 231969485 95922174
204 71 231969485 95922174
315 94 577907875 95922174
193 304 962218 95922174
49 192 231969485 95922174
68 158 577907875 95922174
130 191 231969485 95922174
165 108 249572347 95922174
99 351 577907875 95922174
15 165 249572347 95922174
44 239 962218 95922174
236 121 231969485 95922174
6 148 577907875 95922174
346 237 577907875 95922174
41 347 214877274 95922174
222 147 231969485 95922174
307 212 249572347 95922174
288 338 214877274 95922174
352 249 577907875 95922174
195 342 214877274 95922174
363 200 962218 95922174
6 45 249572347 95922174
110 134 214877274 95922174
75 255 962218 95922174
328 63 214877274 95922174
339 343 962218 95922174
228 155 249572347 95922174
207 84 577907875 95922174
192 169 962218 95922174
356 358 577907875 95922174
87 299 962218 95922174
287 12 231969485 95922174
355 167 214877274 95922174
11 366 231969485 95922174
349 53 249572347 95922174
132 248 962218 95922174
218 161 231969485 95922174
143 174 962218 95922174
35 40 249572347 95922174
234 120 249572347 95922174
344 302 231969485 95922174
230 341 214877274 95922174
216 181 249572347 95922174
331 108 577907875 95922174
240 352 231969485 95922174
340 357 214877274 95922174
301 37 231969485 95922174
37 199 249572347 95922174
341 173 577907875 95922174
208 338 214877274 95922174
31 1 962218 95922174
230 18 214877274 95922174
301 271 214877274 95922174
44 335 249572347 95922174
249 186 577907875 95922174
311 158 231969485 95922174
132 259 577907875 95922174
290 124 577907875 95922174
275 357 577907875 95922174
244 116 577907875 95922174
148 356 214877274 95922174
234 184 231969485 95922174
255 46 214877274 95922174
3 189 231969485 95922174
17 166 249572347 95922174
31 12 962218 95922174
195 52 962218 95922174
223 40 249572347 95922174
353 288 214877274 95922174
48 293 962218 95922174
31 173 249572347 95922174
248 249 214877274 95922174
173 164 214877274 95922174
151 311 214877274 95922174
98 126 249572347 95922174
67 41 231969485 95922174
6 347 214877274 95922174
201 333 231969485 95922174
318 360 577907875 95922174
329 91 214877274 95922174
38 298 577907875 95922174
42 83 962218 95922174
233 203 249572347 95922174
72 213 231969485 95922174
355 99 249572347 95922174
360 126 231969485 95922174
46 40 214877274 95922174
94 358 231969485 95922174
255 316 231969485 95922174
337 22 214877274 95922174
69 352 231969485 95922174
319 189 962218 95922174
42 109 231969485 95922174
106 185 249572347 95922174
255 215 577907875 95922174
287 223 962218 95922174
211 324 231969485 95922174
203 19 249572347 95922174
63 312 214877274 95922174
91 324 962218 95922174
260 149 214877274 95922174
36 38 577907875 95922174
115 29 962218 95922174
161 82 249572347 95922174
284 201 577907875 95922174
226 149 214877274 95922174
366 333 962218 95922174
108 24 577907875 95922174
339 252 577907875 95922174
31 129 962218 95922174
14 41 962218 95922174
306 238 231969485 95922174
243 174 249572347 95922174
337 55 214877274 95922174
176 308 962218 95922174
1 288 249572347 95922174
257 284 214877274 95922174
280 173 214877274 95922174
90 23 962218 95922174
285 96 214877274 95922174
142 38 962218 95922174
267 31 249572347 95922174
75 290 231969485 95922174
291 262 249572347 95922174
164 97 962218 95922174
202 161 214877274 95922174
148 320 249572347 95922174
235 219 214877274 95922174
100 302 962218 95922174
355 350 962218 95922174
168 243 577907875 95922174
62 246 962218 95922174
245 105 231969485 95922174
34 163 214877274 95922174
121 132 249572347 95922174
186 2 962218 95922174
326 56 214877274 95922174
183 240 962218 95922174
245 254 249572347 95922174
23 130 214877274 95922174
142 272 249572347 95922174
323 44 231969485 95922174
185 27 249572347 95922174
131 78 962218 95922174
119 14 577907875 95922174
76 69 231969485 95922174
247 237 249572347 95922174
103 14 231969485 95922174
306 246 231969485 95922174
160 271 962218 95922174
333 245 231969485 95922174
210 25 962218 95922174
268 127 577907875 95922174
251 190 214877274 95922174
65 137 962218 95922174
183 232 249572347 95922174
365 345 577907875 95922174
253 226 962218 95922174
26 256 249572347 95922174
282 106 214877274 95922174
228 341 249572347 95922174
111 130 231969485 95922174
8 23 577907875 95922174
78 258 214877274 95922174
283 295 214877274 95922174
162 15 577907875 95922174
18 225 962218 95922174
185 80 249572347 95922174
179 21 577907875 95922174
79 115 214877274 95922174
37 184 962218 95922174
93 336 962218 95922174
41 21 577907875 95922174
256 207 214877274 95922174
261 101 577907875 95922174
29 291 577907875 95922174
343 243 962218 95922174
173 136 577907875 95922174
129 172 214877274 95922174
118 117 214877274 95922174
113 166 214877274 95922174
252 170 231969485 95922174
225 129 577907875 95922174
255 351 231969485 95922174
182 70 249572347 95922174
140 190 577907875 95922174
281 350 249572347 95922174
161 204 577907875 95922174
36 262 214877274 95922174
270 106 231969485 95922174
191 100 249572347 95922174
173 54 214877274 95922174
118 60 249572347 95922174
356 304 231969485 95922174
267 305 962218 95922174
327 126 962218 95922174
29 204 577907875 95922174
360 29 577907875 95922174
338 231 249572347 95922174
355 34 214877274 95922174
363 226 577907875 95922174
307 274 962218 95922174
54 307 231969485 95922174
318 250 231969485 95922174
123 217 231969485 95922174
366 318 231969485 95922174
185 269 962218 95922174
61 327 214877274 95922174
5 111 249572347 95922174
310 215 214877274 95922174
70 209 231969485 95922174
193 149 214877274 95922174
238 68 577907875 95922174
312 146 214877274 95922174
56 147 962218 95922174
283 146 577907875 95922174
241 50 577907875 95922174
164 257 577907875 95922174
169 72 249572347 95922174
65 211 962218 95922174
51 213 231969485 95922174
293 145 962218 95922174
332 204 249572347 95922174
343 183 249572347 95922174
327 15 249572347 95922174
290 161 231969485 95922174
188 248 231969485 95922174
11 120 577907875 95922174
3 232 962218 95922174
229 260 962218 95922174
224 250 231969485 95922174
236 26 962218 95922174
117 70 231969485 95922174
182 67 231969485 95922174
43 85 249572347 95922174
155 18 577907875 95922174
52 118 249572347 95922174
8 39 214877274 95922174
114 54 249572347 95922174
208 179 231969485 95922174
167 99 577907875 95922174
17 186 214877274 95922174
8 79 249572347 95922174
160 325 214877274 95922174
77 225 577907875 95922174
229 157 577907875 95922174
202 235 577907875 95922174
34 59 249572347 95922174
224 361 962218 95922174
459 54 962218 95922174
222 175 962218 95922174
6 348 577907875 95922174
121 196 231969485 95922174
187 292 577907875 95922174
30 138 214877274 95922174
276 21 231969485 95922174
202 344 231969485 95922174
156 196 214877274 95922174
291 184 962218 95922174
246 30 231969485 95922174
260 336 214877274 95922174
207 359 962218 95922174
286 121 577907875 95922174
139 321 577907875 95922174
285 41 577907875 95922174
323 290 231969485 95922174
297 1 962218 95922174
75 21 231969485 95922174
319 350 249572347 95922174
181 84 231969485 95922174
85 67 214877274 95922174
299 196 577907875 95922174
269 199 214877274 95922174
322 172 962218 95922174
164 143 231969485 95922174
259 217 962218 95922174
42 162 214877274 95922174
127 265 214877274 95922174
12 120 577907875 95922174
9 207 231969485 95922174
215 46 577907875 95922174
342 144 577907875 95922174
138 12 249572347 95922174
93 22 214877274 95922174
79 347 577907875 95922174
112 166 231969485 95922174
342 221 231969485 95922174
244 194 962218 95922174
206 13 231969485 95922174
289 146 249572347 95922174
61 309 214877274 95922174
16 32 962218 95922174
61 177 577907875 95922174
206 248 214877274 95922174
353 194 214877274 95922174
342 172 231969485 95922174
365 120 962218 95922174
80 225 962218 95922174
132 66 577907875 95922174
306 190 214877274 95922174
329 114 962218 95922174
36 177 962218 95922174
154 3 577907875 95922174
157 116 249572347 95922174
45 231 214877274 95922174
141 330 577907875 95922174
39 195 231969485 95922174
270 319 214877274 95922174
190 363 214877274 95922174
67 159 231969485 95922174
326 106 577907875 95922174
267 158 231969485 95922174
213 317 249572347 95922174
198 259 249572347 95922174
198 140 231969485 95922174
359 114 577907875 95922174
38 169 231969485 95922174
335 40 214877274 95922174
63 211 962218 95922174
204 139 962218 95922174
49 345 962218 95922174
184 208 962218 95922174
294 326 214877274 95922174
151 262 214877274 95922174
27 363 577907875 95922174
95 191 214877274 95922174
78 85 231969485 95922174
322 277 577907875 95922174
262 71 577907875 95922174
203 359 962218 95922174
147 310 249572347 95922174
357 333 577907875 95922174
337 182 231969485 95922174
70 269 214877274 95922174
293 168 249572347 95922174
93 289 214877274 95922174
219 289 577907875 95922174
137 308 962218 95922174
69 294 962218 95922174
53 459 231969485 95922174
262 333 962218 95922174
80 67 214877274 95922174
170 147 231969485 95922174
161 173 577907875 95922174
281 98 214877274 95922174
301 243 214877274 95922174
106 129 231969485 95922174
210 138 577907875 95922174
169 282 577907875 95922174
90 51 962218 95922174
140 230 577907875 95922174
7 240 962218 95922174
276 199 231969485 95922174
84 287 962218 95922174
309 287 249572347 95922174
168 194 231969485 95922174
139 24 231969485 95922174
49 332 249572347 95922174
154 316 214877274 95922174
70 17 231969485 95922174
288 169 214877274 95922174
161 39 231969485 95922174
36 356 962218 95922174
195 325 214877274 95922174
109 192 962218 95922174
61 81 249572347 95922174
37 256 214877274 95922174
232 317 577907875 95922174
314 265 577907875 95922174
133 171 214877274 95922174
15 315 962218 95922174
200 40 962218 95922174
361 18 962218 95922174
201 317 962218 95922174
141 215 962218 95922174
290 221 249572347 95922174
139 346 214877274 95922174
75 44 577907875 95922174
25 141 231969485 95922174
149 9 577907875 95922174
214 285 249572347 95922174
209 227 231969485 95922174
353 228 214877274 95922174
148 280 962218 95922174
52 146 214877274 95922174
187 183 577907875 95922174
202 336 577907875 95922174
140 65 214877274 95922174
105 221 249572347 95922174
302 232 249572347 95922174
17 270 577907875 95922174
255 276 577907875 95922174
96 334 962218 95922174
238 266 231969485 95922174
229 316 249572347 95922174
338 92 577907875 95922174
150 102 214877274 95922174
187 363 962218 95922174
169 339 214877274 95922174
87 353 214877274 95922174
53 221 214877274 95922174
106 337 214877274 95922174
53 202 577907875 95922174
346 141 214877274 95922174
212 38 249572347 95922174
253 169 214877274 95922174
188 30 231969485 95922174
49 111 249572347 95922174
268 104 231969485 95922174
262 68 577907875 95922174
297 82 231969485 95922174
149 353 577907875 95922174
226 286 214877274 95922174
287 104 962218 95922174
73 69 577907875 95922174
237 84 962218 95922174
237 88 249572347 95922174
223 257 577907875 95922174
355 85 231969485 95922174
82 327 962218 95922174
331 3 231969485 95922174
282 126 214877274 95922174
170 138 577907875 95922174
237 285 231969485 95922174
189 214 249572347 95922174
155 29 214877274 95922174
262 365 214877274 95922174
286 208 214877274 95922174
153 328 231969485 95922174
273 139 231969485 95922174
217 147 962218 95922174
253 78 214877274 95922174
313 307 249572347 95922174
116 301 962218 95922174
119 340 214877274 95922174
349 91 249572347 95922174
266 362 577907875 95922174
358 129 962218 95922174
92 237 962218 95922174
43 339 577907875 95922174
195 304 214877274 95922174
215 128 577907875 95922174
207 93 249572347 95922174
212 30 249572347 95922174
313 306 249572347 95922174
115 294 214877274 95922174
226 242 249572347 95922174
101 353 962218 95922174
301 317 249572347 95922174
215 259 214877274 95922174
216 230 249572347 95922174
320 103 962218 95922174
178 2 577907875 95922174
268 222 249572347 95922174
154 45 962218 95922174
260 197 231969485 95922174
56 365 249572347 95922174
97 459 962218 95922174
47 128 249572347 95922174
351 165 231969485 95922174
184 223 577907875 95922174
264 341 231969485 95922174
215 50 249572347 95922174
263 51 231969485 95922174
242 3 962218 95922174
94 165 249572347 95922174
140 83 577907875 95922174
266 205 577907875 95922174
301 322 214877274 95922174
338 317 962218 95922174
250 157 231969485 95922174
341 359 249572347 95922174
147 245 577907875 95922174
248 293 962218 95922174
80 110 577907875 95922174
28 123 577907875 95922174
277 260 962218 95922174
58 89 214877274 95922174
234 343 231969485 95922174
108 208 231969485 95922174
150 229 962218 95922174
138 100 231969485 95922174
223 118 577907875 95922174
266 108 577907875 95922174
214 237 249572347 95922174
191 285 962218 95922174
105 142 962218 95922174
247 54 214877274 95922174
200 137 577907875 95922174
249 334 231969485 95922174
206 35 231969485 95922174
119 125 214877274 95922174
346 73 962218 95922174
28 83 962218 95922174
82 273 577907875 95922174
161 196 231969485 95922174
276 58 962218 95922174
332 46 962218 95922174
153 240 249572347 95922174
133 255 577907875 95922174
73 253 231969485 95922174
54 234 214877274 95922174
43 276 249572347 95922174
365 122 577907875 95922174
247 125 962218 95922174
173 459 577907875 95922174
67 59 962218 95922174
71 181 577907875 95922174
300 277 214877274 95922174
65 122 231969485 95922174
309 226 962218 95922174
292 129 214877274 95922174
59 73 214877274 95922174
361 172 231969485 95922174
113 26 249572347 95922174
98 304 962218 95922174
66 103 249572347 95922174
336 60 249572347 95922174
104 232 249572347 95922174
316 305 231969485 95922174
234 357 214877274 95922174
236 255 214877274 95922174
133 115 962218 95922174
206 164 962218 95922174
212 309 214877274 95922174
225 319 231969485 95922174
219 260 249572347 95922174
205 308 577907875 95922174
2 63 249572347 95922174
35 50 577907875 95922174
199 229 577907875 95922174
