403 483
1 2 77442450 864222403
3 1 988729548 864222403
1 4 77442450 864222403
1 5 605681301 864222403
6 3 941794204 864222403
7 6 77442450 864222403
8 3 77442450 864222403
9 8 859215410 864222403
2 10 859215410 864222403
11 8 988729548 864222403
12 7 859215410 864222403
13 3 988729548 864222403
14 3 988729548 864222403
9 15 77442450 864222403
16 11 605681301 864222403
10 17 77442450 864222403
14 18 605681301 864222403
10 19 605681301 864222403
3 20 77442450 864222403
21 5 605681301 864222403
19 22 941794204 864222403
23 18 988729548 864222403
23 24 941794204 864222403
21 25 77442450 864222403
16 26 859215410 864222403
27 12 941794204 864222403
28 14 605681301 864222403
1 29 605681301 864222403
23 30 859215410 864222403
31 4 605681301 864222403
12 32 941794204 864222403
33 11 988729548 864222403
34 28 77442450 864222403
8 35 859215410 864222403
2 36 77442450 864222403
17 37 859215410 864222403
20 38 859215410 864222403
39 29 988729548 864222403
16 40 941794204 864222403
37 41 988729548 864222403
38 42 941794204 864222403
7 43 859215410 864222403
44 25 941794204 864222403
22 45 941794204 864222403
33 46 941794204 864222403
35 47 988729548 864222403
37 48 988729548 864222403
37 49 859215410 864222403
50 29 605681301 864222403
51 6 859215410 864222403
52 20 77442450 864222403
41 53 859215410 864222403
54 50 605681301 864222403
30 55 941794204 864222403
56 43 605681301 864222403
45 57 941794204 864222403
32 58 859215410 864222403
59 17 859215410 864222403
52 60 605681301 864222403
8 61 605681301 864222403
21 62 859215410 864222403
63 21 859215410 864222403
19 64 941794204 864222403
44 65 605681301 864222403
25 66 859215410 864222403
12 67 77442450 864222403
19 68 77442450 864222403
48 69 77442450 864222403
70 56 77442450 864222403
71 8 859215410 864222403
72 65 941794204 864222403
73 7 941794204 864222403
74 63 77442450 864222403
75 28 988729548 864222403
76 52 988729548 864222403
7 77 859215410 864222403
78 34 605681301 864222403
79 50 859215410 864222403
80 53 988729548 864222403
81 59 605681301 864222403
21 82 605681301 864222403
83 31 605681301 864222403
84 40 77442450 864222403
85 24 77442450 864222403
86 42 859215410 864222403
87 50 605681301 864222403
88 55 77442450 864222403
89 51 859215410 864222403
90 14 605681301 864222403
91 50 988729548 864222403
92 39 77442450 864222403
14 93 941794204 864222403
61 94 941794204 864222403
17 95 988729548 864222403
96 12 859215410 864222403
97 65 859215410 864222403
98 2 859215410 864222403
99 75 605681301 864222403
100 66 859215410 864222403
101 86 77442450 864222403
15 102 859215410 864222403
78 103 988729548 864222403
104 92 988729548 864222403
37 105 859215410 864222403
83 106 941794204 864222403
87 107 605681301 864222403
3 108 988729548 864222403
15 109 605681301 864222403
25 110 859215410 864222403
111 10 988729548 864222403
112 32 859215410 864222403
113 48 859215410 864222403
114 95 605681301 864222403
115 111 941794204 864222403
116 56 988729548 864222403
66 117 859215410 864222403
34 118 605681301 864222403
100 119 941794204 864222403
52 120 77442450 864222403
121 63 77442450 864222403
21 122 988729548 864222403
123 43 77442450 864222403
124 101 77442450 864222403
13 125 859215410 864222403
126 12 605681301 864222403
127 2 859215410 864222403
128 20 77442450 864222403
129 127 77442450 864222403
95 130 77442450 864222403
131 106 605681301 864222403
128 132 941794204 864222403
133 114 859215410 864222403
96 134 77442450 864222403
135 52 859215410 864222403
136 67 859215410 864222403
79 137 941794204 864222403
103 138 988729548 864222403
109 139 605681301 864222403
17 140 605681301 864222403
66 141 859215410 864222403
142 89 941794204 864222403
143 93 77442450 864222403
58 144 77442450 864222403
45 145 859215410 864222403
67 146 988729548 864222403
147 68 605681301 864222403
148 115 77442450 864222403
49 149 605681301 864222403
150 84 941794204 864222403
139 151 941794204 864222403
112 152 941794204 864222403
39 153 605681301 864222403
108 154 605681301 864222403
155 56 941794204 864222403
156 28 988729548 864222403
157 89 859215410 864222403
10 158 941794204 864222403
72 159 77442450 864222403
68 160 605681301 864222403
142 161 77442450 864222403
162 99 605681301 864222403
4 163 988729548 864222403
66 164 988729548 864222403
4 165 859215410 864222403
166 91 988729548 864222403
34 167 77442450 864222403
168 82 988729548 864222403
169 33 941794204 864222403
170 16 77442450 864222403
171 111 605681301 864222403
10 172 77442450 864222403
34 173 988729548 864222403
174 38 941794204 864222403
175 146 859215410 864222403
101 176 941794204 864222403
107 177 77442450 864222403
178 61 941794204 864222403
179 74 988729548 864222403
173 180 859215410 864222403
181 139 988729548 864222403
19 182 77442450 864222403
99 183 605681301 864222403
184 122 859215410 864222403
8 185 77442450 864222403
186 123 859215410 864222403
187 128 605681301 864222403
100 188 859215410 864222403
46 189 988729548 864222403
190 6 988729548 864222403
183 191 988729548 864222403
192 154 988729548 864222403
193 10 605681301 864222403
194 86 77442450 864222403
195 135 988729548 864222403
71 196 605681301 864222403
197 164 77442450 864222403
82 198 77442450 864222403
199 160 941794204 864222403
200 110 605681301 864222403
201 184 605681301 864222403
117 202 941794204 864222403
203 140 988729548 864222403
204 193 77442450 864222403
205 49 859215410 864222403
96 206 988729548 864222403
207 109 605681301 864222403
208 36 77442450 864222403
19 209 859215410 864222403
47 210 941794204 864222403
194 211 77442450 864222403
212 33 77442450 864222403
213 155 859215410 864222403
214 57 941794204 864222403
215 161 941794204 864222403
94 216 605681301 864222403
217 136 941794204 864222403
207 218 77442450 864222403
219 136 941794204 864222403
220 131 859215410 864222403
29 221 988729548 864222403
80 222 605681301 864222403
223 9 77442450 864222403
6 224 605681301 864222403
168 225 77442450 864222403
226 218 605681301 864222403
227 90 941794204 864222403
228 143 859215410 864222403
229 219 605681301 864222403
44 230 941794204 864222403
231 48 859215410 864222403
98 232 77442450 864222403
223 233 988729548 864222403
234 160 941794204 864222403
33 235 605681301 864222403
236 41 77442450 864222403
234 237 941794204 864222403
83 238 988729548 864222403
239 165 605681301 864222403
240 18 859215410 864222403
180 241 941794204 864222403
181 242 988729548 864222403
243 213 988729548 864222403
239 244 859215410 864222403
7 245 77442450 864222403
246 96 77442450 864222403
247 6 941794204 864222403
89 248 859215410 864222403
249 104 859215410 864222403
250 161 859215410 864222403
251 190 77442450 864222403
48 252 605681301 864222403
253 160 77442450 864222403
124 254 941794204 864222403
255 211 605681301 864222403
256 37 77442450 864222403
257 55 77442450 864222403
258 191 988729548 864222403
19 259 605681301 864222403
260 208 77442450 864222403
166 261 941794204 864222403
249 262 605681301 864222403
18 263 605681301 864222403
34 264 77442450 864222403
265 59 941794204 864222403
51 266 605681301 864222403
267 31 77442450 864222403
186 268 77442450 864222403
29 269 988729548 864222403
270 265 859215410 864222403
47 271 859215410 864222403
272 179 859215410 864222403
25 273 77442450 864222403
274 167 77442450 864222403
235 275 77442450 864222403
276 69 941794204 864222403
277 110 859215410 864222403
278 271 605681301 864222403
279 226 77442450 864222403
2 280 988729548 864222403
62 281 605681301 864222403
216 282 605681301 864222403
283 168 859215410 864222403
188 284 859215410 864222403
214 285 988729548 864222403
286 14 605681301 864222403
106 287 77442450 864222403
3 288 941794204 864222403
85 289 859215410 864222403
290 9 859215410 864222403
50 291 859215410 864222403
292 186 941794204 864222403
151 293 941794204 864222403
274 294 941794204 864222403
61 295 605681301 864222403
296 290 988729548 864222403
255 297 605681301 864222403
184 298 941794204 864222403
299 212 77442450 864222403
300 54 605681301 864222403
113 301 988729548 864222403
302 60 605681301 864222403
303 70 77442450 864222403
304 77 988729548 864222403
305 121 605681301 864222403
306 135 77442450 864222403
305 307 605681301 864222403
308 301 859215410 864222403
136 309 77442450 864222403
38 310 988729548 864222403
311 80 859215410 864222403
30 312 859215410 864222403
183 313 988729548 864222403
187 314 859215410 864222403
243 315 988729548 864222403
316 266 941794204 864222403
73 317 859215410 864222403
318 239 988729548 864222403
63 319 941794204 864222403
320 18 77442450 864222403
268 321 859215410 864222403
97 322 965943270 864222403
194 323 374533858 864222403
134 324 345938238 864222403
325 296 976165393 864222403
326 204 72683955 864222403
327 265 303262780 864222403
328 13 875943815 864222403
90 329 108026239 864222403
330 126 954020742 864222403
331 250 530960326 864222403
155 332 640403052 864222403
333 115 532933144 864222403
280 334 194755038 864222403
335 92 144597184 864222403
17 336 345952588 864222403
160 337 204172522 864222403
338 276 531818426 864222403
294 339 965101986 864222403
340 310 662039257 864222403
341 213 207724861 864222403
342 222 477702619 864222403
343 100 35309130 864222403
344 88 8483065 864222403
245 345 421691832 864222403
318 346 586786625 864222403
347 158 212644970 864222403
92 348 64343585 864222403
264 349 340942970 864222403
239 350 192437106 864222403
351 68 34103894 864222403
123 352 773356073 864222403
12 353 566468399 864222403
354 230 565376449 864222403
355 310 621825403 864222403
356 209 39313737 864222403
13 357 717663791 864222403
261 358 400475843 864222403
73 359 29263396 864222403
151 360 106223828 864222403
361 154 597420947 864222403
60 362 195083801 864222403
363 154 225937277 864222403
364 180 146730027 864222403
365 134 893533260 864222403
366 4 565071132 864222403
182 367 856728663 864222403
368 163 133732192 864222403
84 369 733243589 864222403
184 370 48758879 864222403
237 371 632805360 864222403
372 41 22477228 864222403
299 373 719667295 864222403
374 43 515970408 864222403
312 375 883677805 864222403
376 43 35731852 864222403
377 301 723512922 864222403
378 27 84228258 864222403
299 379 46611299 864222403
380 94 441082199 864222403
381 259 523520014 864222403
382 21 834969973 864222403
137 383 306973584 864222403
106 384 688543200 864222403
252 385 105233473 864222403
242 386 839342011 864222403
100 387 748324648 864222403
388 189 922975035 864222403
389 228 630477615 864222403
149 390 821519131 864222403
391 194 756667410 864222403
163 392 627021466 864222403
393 214 542137925 864222403
301 394 162145698 864222403
395 294 691344076 864222403
396 274 664835369 864222403
29 397 213035739 864222403
398 315 158303122 864222403
399 286 934835618 864222403
144 400 55675805 864222403
95 401 755439602 864222403
309 402 789633079 864222403
12 403 859215410 864222403
170 97 77442450 864222403
312 205 859215410 864222403
294 158 988729548 864222403
235 165 605681301 864222403
218 305 77442450 864222403
262 149 988729548 864222403
161 318 859215410 864222403
108 102 988729548 864222403
85 101 77442450 864222403
51 282 941794204 864222403
50 270 605681301 864222403
229 202 605681301 864222403
76 129 941794204 864222403
255 4 859215410 864222403
106 165 605681301 864222403
149 209 941794204 864222403
45 79 77442450 864222403
87 126 859215410 864222403
155 95 988729548 864222403
156 251 605681301 864222403
129 281 941794204 864222403
305 126 77442450 864222403
123 219 77442450 864222403
170 188 941794204 864222403
259 82 941794204 864222403
113 5 859215410 864222403
59 297 77442450 864222403
126 278 77442450 864222403
280 234 605681301 864222403
154 146 988729548 864222403
37 73 77442450 864222403
83 37 605681301 864222403
116 189 941794204 864222403
305 301 77442450 864222403
143 162 77442450 864222403
151 237 605681301 864222403
279 232 77442450 864222403
216 107 988729548 864222403
42 220 941794204 864222403
120 251 605681301 864222403
223 32 605681301 864222403
28 10 941794204 864222403
232 264 77442450 864222403
66 64 859215410 864222403
245 31 859215410 864222403
282 93 988729548 864222403
38 237 77442450 864222403
181 186 77442450 864222403
188 55 941794204 864222403
274 18 859215410 864222403
117 246 605681301 864222403
195 163 859215410 864222403
242 207 77442450 864222403
53 219 605681301 864222403
244 94 988729548 864222403
311 274 988729548 864222403
37 177 859215410 864222403
300 66 605681301 864222403
257 115 859215410 864222403
251 27 988729548 864222403
16 201 605681301 864222403
242 176 988729548 864222403
219 74 988729548 864222403
292 231 77442450 864222403
126 220 859215410 864222403
257 239 77442450 864222403
124 129 859215410 864222403
190 184 605681301 864222403
279 308 941794204 864222403
140 217 605681301 864222403
197 252 77442450 864222403
14 112 988729548 864222403
287 90 605681301 864222403
65 206 77442450 864222403
23 272 605681301 864222403
403 178 988729548 864222403
86 4 988729548 864222403
24 213 605681301 864222403
274 170 988729548 864222403
168 218 988729548 864222403
31 115 77442450 864222403
