10000
1000000000
64078060
9227465
643747180
366219005
472779634
108392385
503978405
381655381
46368
516212763
554859077
320882183
153379349
272944367
4181
2178309
824679329
932040925
53719934
311930888
200770633
721981423
535238727
561985176
267914296
325876083
650362461
131498106
377
139104
2178309
860772385
739775254
76600285
160684875
109177640
843330403
514229
598885364
618666883
685853306
564394797
737171435
46368
835690032
340170474
24727436
74682866
764967307
554519078
823214720
847707490
2587
64832947
233
943721594
21
259144142
262775239
233
144
14930352
648100709
11698325
455561729
317811
276145493
643472929
987
287000022
936004445
465171455
1
947887250
88078
737355090
573660639
39088169
850460742
253659697
430196317
5
92703095
13
338557276
598070003
233
789588785
64257
922182191
771688683
373693144
260730456
820190923
13
77504756
447405663
723113678
514342023
13
233
656026075
444294013
55
14930352
377
39088169
876708392
610
102334155
824901711
804250807
253615517
34
797366101
191858102
267914296
620569565
34
388095957
492801015
86940382
4181
740618329
877479533
184527420
9227478
836848086
832040
932228037
892585294
449955653
434912216
518210211
396275959
359185379
622167736
701408733
39633586
603970991
832040
322702667
688874142
121393
328482095
806114902
55
5702887
663951278
63245986
45070583
378089651
177666375
66140860
33437025
157912596
19879051
987
942514435
398410003
550538989
252402852
442354834
757677254
427233349
39088547
310375881
889853192
78224956
66754353
172276989
309642290
779387463
3524578
131220532
748022366
317811
905997783
112005128
538681528
700937798
242696013
191368181
897486581
861639350
626540474
543458352
765719115
987
690340608
795213570
181233740
833491891
104219864
633647352
991761686
870105822
870070325
884724658
869855461
970271168
614357815
833839288
580488889
934116515
73573401
966958433
2146571
50185034
610501619
250431416
910872053
89
986648724
46368
6765
270850174
574478996
10448429
679625947
634550708
8
39088169
359917011
163961605
939281795
45650692
933533845
8
1346269
10573734
432218877
14930496
200973652
460195981
693668783
758276177
433494437
1597
720669971
749839296
884206550
261533980
2178309
986772166
35834364
863278796
375549
747190080
973608310
433494437
353204327
817701074
55
656579439
234700955
1542721
863898814
216587045
102334155
627352567
55
27495020
3
231848143
810972081
832040
812827839
784664383
909670
6765
934107448
144
196418
144
373800385
869853847
681899943
514333997
780402262
14930352
284604623
84514881
776240043
575363841
881772262
533692426
682619543
719288831
27024998
968122060
39088169
641140715
190237876
196418
424831711
24157817
326203105
820856834
986062996
525337276
750259964
590141024
159765804
832040
17711
682447597
771079883
349304277
247117183
287856626
694425740
530709550
801856288
1
125907998
267914296
514229
24157817
66390346
178273254
112549475
251748108
285028332
10946
625564523
267914317
841262905
253260512
911355147
973291688
318255347
499789209
704405684
106248206
955885428
24157817
353242206
739203208
731695942
171949635
890062438
293788649
451512281
161809587
565629445
2
465835695
6765
377
643876639
55
567260220
215032929
377
1346269
105021314
55
488023699
2
818644341
249769286
483029724
409684977
562783808
708608919
798186233
69968838
21
846886589
744092396
134241592
634755655
934054223
384810956
368005264
179167189
102334155
812460115
496060754
21619621
267914296
473457517
726305735
977106856
670114583
40434815
300167250
621634968
953874157
553773312
15382300
110904260
432317063
466858570
671494169
387129629
832040
801982956
460048500
327040356
1
987
102334155
1
1597
419018440
444189734
121393
544825855
121923538
950440244
557300654
284214239
89
536029811
233067606
570829756
180103465
104653749
768946969
842091943
850578156
167501534
24157817
174946456
497008055
832170556
430571190
964118734
998228335
45013693
532960675
39088169
923481562
743894615
929945025
926503723
63245986
545461340
233319097
509676961
922149885
871957842
549160488
809299771
618645341
318531330
316223848
205222237
318332674
599530843
39088169
2
136643498
895033232
434507075
377
659538790
959751273
383859900
904158477
155139992
261880991
296321893
666233789
2584
971105980
946173789
255952431
704810279
81827036
279958028
310714652
121393
286483967
89
647369858
339176974
24157817
446583573
958619451
216068588
650741789
188200686
669922016
142829120
5702887
511646643
473789849
658540534
89
2178309
165580141
550503720
934330359
149893181
864190117
26372633
822575878
987
4132439
136806360
3
979338142
189224331
713964207
668228112
121393
2584
617963061
574283058
233
266226300
790313315
642698351
920281653
188309285
189264514
997444566
55
576461563
890770899
95805749
144
13
945160173
593266219
5702887
90922752
506370946
6765
4181
437851055
89
888555832
316248957
758618621
836795794
72584387
459720350
975985870
884425471
610
805540740
20570159
433494437
89
843031099
9156957
765917666
14930352
414520898
13378814
420222014
861725574
107367153
374037041
63245986
194961810
40434441
296782336
407929837
407102265
29
6765
135284003
856801948
55
610
374966654
2584
675094518
427299719
983871002
702440287
144128672
623
106320954
715033880
258306547
246733795
88271385
970716131
833478385
2178309
1597
3524578
47990384
220149468
6765
20120335
2178309
783606309
63245986
317811
581364890
616775264
2584
496510848
144
55
901712711
248452256
34
28657
9048025
13
391888561
48081444
610070058
5702887
937744591
97011922
492928002
364470414
442306116
655613228
688876143
374457375
449982575
166603755
419843025
326239358
176234406
334688660
4356618
26368513
806553568
549706118
465533651
4184
668134922
100392268
767571906
968638336
297845546
870221949
951589092
64248383
21315013
1
999091497
8
740124564
959696842
986686556
413667196
832040
157125917
395617418
143617685
174904672
282565927
806734440
15871962
890458626
8125937
460753769
863753250
2260374
607787427
430382686
226683704
3524578
535613042
3450527
13
636682898
558749346
405117787
543554551
39088169
28657
273263058
257141716
116051948
41329651
55915466
439079423
514138828
444797624
795402316
767599999
102334155
339342689
811903398
467466695
426880517
472822657
121393
719144408
776308462
165580141
215173661
34
198540368
442180525
257722144
55
70214280
168654978
450661787
410179555
351087962
958040726
630040249
986249241
3524578
331877228
844441867
433494437
892060918
996959829
566880299
743499673
1008
34
367056101
433494437
13
385531198
420114048
377
387449787
956522051
846503736
317811
667603441
14930352
809204034
533204922
988368540
702419340
157549757
521921882
317811
144
6765
621360650
701408733
476040109
930417357
933553993
514229
762767287
837368429
283999156
541902637
263979254
986504302
655953161
665133678
572179081
914935861
657722739
354039777
362427628
280152846
189579323
312874252
629683018
121393
21
704933302
777784745
599779534
86725596
407191890
24017626
758435588
377
168456766
435314075
3524578
227152733
502809596
261360625
55
497042317
197978007
985436612
146178066
492807664
595809898
942903626
227912562
862487767
511076904
390091715
399352244
992307224
1
315853836
878473165
407070079
679310678
319408
421200271
440466113
736753579
144
6765
596531348
115709618
345487697
3528759
63245986
530284248
10946
825110791
5
709204544
324529853
690633765
847985697
813004203
674273279
549084095
150406500
551662864
170859027
74980893
238347869
284091760
917766172
313999245
580015511
107532070
1597
298696097
615007803
235663860
278992492
131087896
423360296
83348088
559226545
991575857
433494437
5702887
3524578
57134694
835030488
155376389
338279300
233
47540599
336458140
849142709
535106402
744179997
71009755
833149834
539435289
612536966
704434337
530886746
694446411
856564279
965043724
2178401
456965811
915129092
552146668
433494437
176929632
628771409
14930352
778375057
13
815367825
213859212
629268616
540157290
294142309
951872808
131148602
662432456
589351167
433494437
196418
2178309
130632278
6765
544765574
833864817
839820769
679515667
19397
305928641
832045
9227465
109000342
353683454
121456
302281452
332670668
217374092
827227544
234106311
278409326
145296603
189261245
165580141
711772788
956685593
123990
539075989
331268143
11898642
75025
907640273
46796872
520345612
433980773
561979230
10946
993333197
863762878
315578266
55
427973255
321278282
585790126
186486018
639777406
5702887
325622765
869281921
246446467
40891633
619097384
856721214
6765
89
327744754
51089121
39088169
748343514
295862167
754200238
133301817
242592870
4181
543550153
276742969
779261693
102334160
947075
749219945
1
860303311
200629392
401401107
21301419
791204983
794864384
34
43064851
495233821
283219219
11212776
854391223
121775070
218433055
34666785
494529758
268444886
670363401
186842323
570206852
360447040
75025
586114533
68913829
169365026
585128198
1597
701408741
518021308
636587242
779417142
833647096
633782564
344015939
1860506
5702887
944485802
272730716
433494437
950950571
216959983
855849434
518061160
699718743
130332914
827302324
191498735
939303444
553519381
593808487
39088169
1346269
874876831
698541475
939449775
405841201
683337020
376706336
859096296
63245986
16963715
332816990
60044303
537596119
37955790
28514834
433494437
84151748
589702494
338370090
144632177
71947223
353830739
39088169
878796462
442719612
957754002
689493911
993700238
847713843
899470449
9227465
461652045
447572320
886202704
767285547
393506335
962239478
823034041
163575184
553278212
783375143
102971312
562066218
69917424
602143602
967711162
774232183
837661445
63381600
102334155
136665618
589279907
663081970
593704985
216863784
514284
90546377
942692476
727568326
41266478
987
13
33387781
216280263
758363441
2178309
809734598
370328202
89471865
797978831
588436578
352266515
1599
165580141
298343173
816291910
326932650
426756901
892270174
764334283
6765
516580910
967754039
908089919
41602412
572313415
312023831
763439379
708420065
465821977
861840218
137942938
55989171
2178309
217897571
625226215
472808704
17746790
16688156
991357878
383915100
514229
524041184
538385269
239513185
80703167
2
870332607
1597
5702887
1346269
77794307
63274787
346400214
5
155101696
709193087
108268302
821323567
856852487
28657
749900045
190337524
137743079
3
10946
304781675
868887362
317811
61359516
337070367
802986423
55
938209797
578290356
253308261
759523776
136946157
165580141
69994401
864791082
433494437
636279918
778034520
632911895
599931776
44224806
875969753
526483067
343669564
495483299
677567261
117264507
746415721
111344370
1346269
533323180
457743575
742488332
575376092
274965287
131060464
826741063
431326671
266267947
71196414
641887251
433494437
449798265
195857748
694938843
165580141
267914296
6765
144
600915031
948378546
207166540
950221228
292895120
910709937
500086250
644925153
520266651
786585113
333741103
498248537
2
822106009
841474729
93951554
889916656
985031115
363345783
505593269
560582626
358432927
317811
54850595
472635890
474678304
489070680
458675044
210819666
102348997
495099882
433494437
27942986
899865158
62061775
646045366
433494437
309138101
555317445
644232350
807036800
256977701
879583902
1
354417249
371052743
654925001
379274441
851180029
508109633
942407623
267914296
28657
400360062
586704114
804120541
6765
34
317811
14930352
955879902
188757117
790721179
433494437
887309830
931675957
945645838
8
5
998743789
916921914
9227465
634034343
102334155
478190670
651265238
492059426
78746637
634543155
77860781
687311719
629422131
144
767427733
589226290
609865404
245166903
952688336
712789192
737353036
677005228
48279973
867399435
400317722
508159831
696444004
5702887
795516690
24711215
4181
300834125
377
975215851
1039438
314050839
718067040
34
63245986
4181
634279682
14930352
417105427
460969856
7118264
108477996
587907235
1346269
2198604
78180519
442856208
910686929
205913398
728697546
832040
822262779
1
744628147
450286995
185101393
708813103
334706846
175473027
691339652
874268152
524871660
600394840
5704484
610
63246130
528442025
21
904700381
507686131
652955133
55
261060192
814350404
263062411
770955082
647906697
63245986
348011059
213840372
201371150
89
3524578
5702887
150774197
679966239
698081095
196418
464463776
305471028
744345818
476725337
566887319
491647182
72857557
145891866
251068326
13
410376868
507709734
326545269
701408733
581805590
266407781
270941129
121393
316817750
51430191
121393
9230057
855664274
610
562614499
300701182
19160955
171965666
317811
1
866058097
53330351
683395372
456915295
221349562
206790168
154949029
612151807
46368
915266649
304144965
9227465
832040
2
554486784
63803350
574025412
928225728
153205126
449224831
2
6765
648169891
523353173
121393
5667367
165580141
826182385
331164135
20672655
659898405
587899945
2
880549668
972134247
102335752
243814757
121002749
461847872
121393
814347211
32313074
85951802
28657
339071504
725542163
535665299
572685794
584258007
165580141
451384263
267914906
208444129
987680797
354355970
144
520311863
5
295056843
606830156
171945978
17711
2584
42630458
63955858
3
707070553
199729709
433494437
825111728
717548135
583770409
134924228
158205257
856326091
625083644
571377866
398
726925096
435869164
681613879
421058323
276132516
862309502
596933069
10946
79782043
160361431
832040
1597
2692538
288149334
199842029
484136379
1
252149547
196418
659581819
433494437
532705910
110792675
546606230
116057952
26336181
648023788
65650885
323962865
102334155
708057798
703939048
370871360
329761449
3
5702887
723564071
574138981
832040
334048371
379477670
592089146
657471848
75025
610311859
2584
476489357
35636127
864750472
965619705
446062816
186845504
693172530
330883069
350922789
249170552
32661298
233586390
453999019
175801873
234182467
977466097
26534890
174818552
902628235
244384221
819561132
389228929
940471260
307401920
132610687
452302871
166681940
10946
24157817
482421827
89636703
317811
197135476
832040
351349241
276733857
26171182
949243463
750855916
109772658
749711961
187136486
948520777
200701145
164340237
415662845
54094506
673519853
914008435
5
777779266
892768200
233
74179243
682984499
673387724
388067261
747006784
335903198
6765
413533546
857662551
779248975
14930352
218330229
163075085
730231862
1346269
161585915
151052388
731783035
10573734
36070635
105599003
424408747
21
257278821
285075769
448754730
90491852
114045110
649719353
237248223
4181
477182452
60385366
876388185
720234412
9417112
222512938
381645191
441562049
610
285251275
9227465
89
195857881
8
398498249
433494437
95392685
771435833
698624148
607945328
395116553
807052433
567899324
233
89
181593368
377
756087920
234999206
862365087
335630863
626031323
196418
972208384
813315279
79265406
254156672
476051090
539811635
957595738
902080562
755769383
676961137
46368
6765
125055283
519734239
267914296
701408733
747211200
977086132
330108650
568428488
661627705
21
91095560
353762299
333900283
196418
1597
586708717
55
766455794
782304424
27590085
684581567
488401827
626524084
612473215
880099732
792772051
447698894
672622378
617233857
819579455
433782641
797891263
887688795
238381281
610372163
614396154
9227465
350411505
67616761
774166714
55
999814946
811656095
853883590
749199783
604376393
433494437
534960962
13
791810058
34
400363436
2178309
186956238
4181
423993753
10946
102334155
9227465
267914296
781690230
221902400
919164625
14195287
976919878
397853007
9227465
196418
102334155
745054640
610
557114614
330792484
650480439
725665545
875213078
858184494
923049903
914486927
535736063
484051705
774434600
892218209
203407949
144
746196589
499145239
960741011
96909268
689916350
488308288
80943228
48528187
359006091
4181
21
233
46368
322159250
325620826
442018761
327900842
577558764
957388957
875464493
56315576
212429403
995021361
687087911
267914296
433494437
648279219
24157818
282573455
912968512
965221873
356875408
738516937
10946
4181
52879347
28657
514229
334424861
556788519
657480500
386928361
832040
603457172
449126605
170479645
582290757
847011736
107722874
572673668
2584
570852204
626594598
64801951
944777337
721025052
540211724
519010534
2178309
21
707321767
696189240
493883467
75025
677704510
807108561
377173345
612866815
666177895
720752572
162365943
636938836
616645916
554814634
178668407
55
267914296
931939360
46368
460980819
39090753
49118743
987
714279366
39088169
336249583
14930352
345106099
444907858
778054856
446055192
856743300
13
756156993
586766872
986685408
987
1
144
968808821
377
327564041
694585416
347905294
431718500
792839548
10946
933632840
759084802
141547995
167981264
89
854234974
701408733
347920152
848078370
498477465
987
13869177
30235727
601045873
968467487
584029083
122148581
532191635
28657
14930352
21
510770442
2584
655012608
24157817
3524578
935357388
251356590
374782420
124772605
447104123
858652829
334027882
973690012
639743393
6765
333533431
816034743
144
1
33377861
813075929
346027505
951760039
133499639
869876482
82549808
462552963
246865021
354333363
180151597
911128303
783250580
377
721408202
561893214
566626042
127892281
768995324
148838172
420585104
46368
208539285
115651271
653952794
39088169
175933006
987
257924119
471379468
897660258
2178309
154663591
5
147495225
650716730
724975448
932012773
139297279
992335347
701337130
110851057
113978682
808645360
794978169
531981857
760314812
916323507
55
453858962
587353926
89
981211243
24158427
746234279
101998888
610
46368
151489218
6765
5702887
310944739
100894082
39088169
403542539
899302116
78462427
3
773653895
538831608
889549126
267914296
10946
611740961
5778
4181
75059
13912432
780972415
602025690
195693104
869790907
600758734
771068680
10946
50289771
24157817
776759645
176227883
842831146
604464442
21
230385712
353386159
326290695
144
509462109
574704204
800133370
654575447
758243746
98328533
102334155
271471706
121393
481195783
209230783
610
580282140
102589530
610
52097459
144201656
574606263
844459491
424844748
109968363
664499479
246705973
375527359
62599074
869769294
2826143
226142624
368900374
533078531
120862094
24157817
683095630
721598592
17711
678167779
182158658
951455103
942162496
826477476
759903027
135428517
311368858
24674630
351388946
742700569
117203160
24157817
447672423
623193984
39088169
1929236
695023966
813907495
317811
144
676626463
221650417
139530398
266800597
420960254
648479602
818583727
743968465
241030740
701408733
894333849
517248189
641987907
46368
1419428
34027463
674039810
956272512
769262486
17212377
731271985
134296123
89
14930352
196415668
470217024
345133150
894783355
198730842
307865724
39088169
2584
584636645
870958727
420145848
2618
14932936
262718351
365315438
452660941
514229
832040
2178309
810464319
2178309
129510318
496816872
978742516
987
417381894
972280531
104077292
917164324
468912009
24157817
188684918
13
747499535
967449221
646035191
19413608
99877601
987
137458178
592758176
67581329
456460452
726194969
74205845
809143457
480192468
420419624
962767638
687593411
3
517176597
670847014
76006600
341442781
13577569
905157604
773042560
896403769
240251992
987
514606
538681088
653198056
126759050
130326851
21
713551224
484503112
79750063
865451088
701408733
5702887
397671310
3524578
810265922
312073398
670648925
578128602
121393
648616405
10946
457333789
701650574
604871852
842552601
358931652
6765
763424012
808948955
24157817
292106282
642037362
714988566
837478858
840830692
520146249
514868134
14930352
589254
702069015
458132917
175461210
161199891
603256399
556221460
557627562
770729334
649046486
564430881
749680449
532274458
399242415
603617140
7049177
874834897
649770954
267914296
188905575
842158356
971048234
30621059
246646280
922888843
659247128
130957915
1
166252612
256857764
181583326
161258535
696520944
837307247
906687271
935176208
535424837
63245986
19320984
4181
622531814
377
75025
181295826
223679143
855889223
98281778
376648363
267914296
309204778
370326247
945117325
1
2584
743455262
991869903
215302476
34
590237342
610
221850443
6765
836183252
707111620
838264011
123723550
76985064
982219180
910399640
853812861
975156392
118240618
144
272175403
122060902
256688029
405558982
502535684
883772808
78113883
54011710
55
977684355
832040
216112025
267914296
900912171
401559076
854221277
925095301
526163416
192300624
1346269
356387453
868572891
562597922
89
822227031
695939656
447132514
769533598
482825806
968410925
175639435
889718924
316830540
879621171
962132946
978137510
669698279
880323169
64062909
866548819
5702887
157541397
456025980
312798025
614518428
4181
679694858
171238260
51769165
880900579
2
212137800
526115911
9227465
554032216
349438089
10946
772748470
484965171
165580141
339992704
9227465
200311017
8
606422950
972824790
294545538
835026125
610
39088169
526371205
373706731
632661987
165580141
124814627
725731428
968468937
531253142
91488167
175710624
9227465
272034270
763759566
466176834
570009948
619883282
189789431
37051649
102036259
420332849
682078338
802977241
176292811
554864457
376979779
957629253
448994862
580818681
878642478
13
144
93823141
778872946
432185771
312757893
226909868
606363746
542283464
196418
999786716
894337917
684841024
382496270
123899343
142958080
165580141
261172591
292097928
674846870
274056015
46368
305194858
46368
938562363
197951385
916140678
576365075
565513597
715169769
594280494
13
636298655
12258823
264074918
75025
705275212
630550095
267914296
6
473215918
925884862
400504646
525185157
713548334
552397829
331160282
412628709
433494437
39088169
832040
941483305
962949003
701408733
730729834
433494437
253628088
102334155
394537545
8
425801083
6765
872103955
120578849
45015133
179734228
672458920
866924587
843766670
939014492
366673332
594379022
165580141
191308746
360771333
235758782
987
299612123
751159266
514229
14930352
210640475
946638151
704546652
2584
426613215
470901680
884086361
381529417
108560997
436256063
494633063
299646539
768131820
736235054
274002599
810080049
216196982
63245986
254682728
546328358
704540475
263439918
5533881
971909791
588997968
14930352
296765666
701408733
119746967
926550804
101569760
150428057
905925825
4181
580436766
484964003
546073386
475389045
6765
332875476
244079181
121393
813767590
195832670
3
914471349
912017422
259479315
733679006
583828844
506796225
170262047
377
548540150
13
8015720
121393
369281710
723142639
38051879
79963853
462105561
86257136
12236389
24157817
679185826
728249149
288173128
157097317
898768052
994435490
584087435
102334155
235987444
25470715
720481179
628910795
2
600766161
494930764
378873834
26039543
851233315
39307425
10946
2178309
995952226
907432644
621070342
48532005
700602811
976601804
46048029
17711
206390039
473335041
1
264644586
259378855
11
131636377
144
132952502
864174653
250821118
24157817
17711
852352954
446695590
136623376
279500296
909649762
504049762
17711
396577622
815815996
194797817
220370361
738764840
5702887
832040
879352955
639447229
75025
681937204
832040
852773620
560521297
400948043
342442613
1346269
929282431
514229
998567224
183328332
1346269
10946
922046455
521504508
259593237
832041
427980838
14930352
796024913
872343344
611282100
19345526
516783382
32314772
35844863
332481560
824310885
916789168
871915351
889439200
293741986
185168218
2178309
433494437
803257265
28657
39088169
168207567
427377849
100910149
75025
846662981
5702887
940969211
10946
24157817
32099880
630921200
79120833
817805041
384264845
383466910
241422953
959786624
337554591
107745315
161103848
502130989
233
14976720
293576962
670099298
165580144
784891509
13465367
936830472
749711728
142759200
193295952
433494437
317811
820173092
21
207161334
889915544
509105044
55
233
512307327
779877903
196418
6765
285223548
196418
2178309
685294055
765807799
359730103
139039651
1
948293683
731543806
190266432
778936053
445884984
891259504
929040603
2178309
28657
317811
145068319
616846511
312017517
8
889393700
514229
149
383518637
197850228
270076181
777075778
738645737
48402987
395834997
407002892
405312218
637752173
987
264894879
687740088
34
109363538
70335205
182770429
812829755
636034040
816519729
8666504
101668703
13
492893489
828719433
65243813
137594622
317937264
109659390
17711
870918105
494526065
443949387
172102521
830318882
545252020
53133
10946
596945833
817385378
997054842
925962113
307177986
773813119
710199009
624259029
224421100
76
888136367
63245986
726385768
494621496
869496716
317811
217773909
8
372953896
296382210
726798478
602619207
6765
834344883
982726175
89160729
394398786
350085906
774958172
410008816
510550965
9302503
147050149
574429226
483835131
832040
844169568
319013191
197561395
381094708
472313393
380135132
744813475
834200364
636441168
928523876
175822397
946350597
184123399
472784704
477882765
8
245363279
3525565
840164302
951871793
3524578
21
130590965
119659614
803486989
14930352
973767652
774108739
664986535
39602398
94921333
813987383
871755216
964286406
889549603
947154628
395455403
55
265191155
198204451
6765
407007289
5702887
966485774
75486553
796988128
925144909
5824283
340493180
796204187
163770189
74078141
5702887
332451823
604311173
419835670
142843755
267914296
1028479
633939573
24157817
456367298
514229
110215812
427295700
923125391
945793641
677398389
893618794
14948063
176520734
520844553
810257268
379217358
217908871
804443505
708749089
696132629
854889642
844147979
511235921
849116648
100173086
165580141
346601330
2178322
419775342
122840930
121393
680117259
101912287
392292943
216012967
168218703
81544474
265710905
746242045
180176332
2589
2129212
2178309
449107587
82378168
360592063
6331326
566319099
17711
850513252
260205478
630051579
668168342
973855844
696024055
169203203
1346269
990137628
765284087
47965
3
26536839
317811
2
139693020
743557050
773501890
663992122
521464002
935574644
503160566
1
387621990
123617187
387456783
377027198
129298418
3524578
196418
918700737
13
349138201
63245986
990839467
363088628
169844122
512177210
415396628
987
162789024
397825902
348057068
514229
911771179
706426311
87305064
39088169
105153120
3194
183013176
8
959811608
250726409
392671819
425028637
693308085
927043277
833466130
825568619
5702887
121393
5702887
652327279
845173559
933885470
180512700
487780679
726872692
549829719
50133293
701408733
2584
109384744
331695527
166161605
890324481
395575002
737675524
630733695
179653600
242581705
366261199
906546499
10946
797196710
2584
192676286
83204111
63245986
306243013
10946
317811
83698239
339845480
5
273114010
117165936
957867470
656047678
653272504
63245986
841477391
75025
58275018
667638101
474574496
1
758603323
28801
589504185
945994972
17711
724490199
987
547859902
112655534
618743757
304920773
522579116
55
586491121
104028700
453165179
100224919
154764034
639126589
470489355
515172666
540235165
280741980
963587407
43166662
864999814
100922839
125361754
46368
736623724
928907173
42742086
767763848
624179631
813648257
704477954
975637164
513337574
827588029
701408733
452612180
799657160
472577504
100950318
5702887
701408733
792766941
968874023
307370048
598854015
2178309
381460795
491050975
270274690
301046484
699480783
1597
363631218
477201694
718809749
973638952
980136702
419625618
989951425
323730207
987
1597
728985205
464825153
434477785
956068390
21
367337731
484818991
520208166
403125692
645564550
39088169
197960285
419093868
878592380
428392542
909600001
298534103
359517544
646750280
732124715
34
28659
297811023
202146575
854578231
233
804989617
812697714
780448249
237166255
182488538
957503113
81062393
233
258925419
24157817
842290205
190027717
781538557
794231292
359092664
803155520
783795395
253742431
18100968
63245986
246456453
348338383
923224395
658762753
832040
183479544
818255077
274771471
514229
530403099
327770482
278109250
936555772
267914296
857473092
2584
122931847
452329426
376131375
517858990
774216086
600291678
781955370
944366969
725414347
5
568705575
952233663
610
714951815
433494437
93456563
348566265
446897863
185777854
2178309
155951274
218692278
289278401
105728552
37128499
418302377
844476941
190968912
433494437
4181
641554007
37992288
390662226
818412858
231130625
64853935
302265580
55
839334602
514462
811016117
338312286
21157286
689967502
490795887
190531435
208670195
37324829
531079555
317811
107863
523795923
391485773
979262625
148052880
451588365
436665097
969580202
3
317811
343442612
28657
534148375
649695698
623275481
32103317
188609787
713837959
24157817
998431716
456659052
467113892
234927727
818623585
655566131
636044455
699
802054210
979958788
936297221
126999027
577392146
553696663
987
578075019
562155142
525695783
295677050
624000286
5
523639926
25120468
278714771
419492118
726843778
442026198
133064278
34
943466968
319734908
144
728554245
3
39088169
233
818595772
121393
8
89
417999260
1597
2
17711
912677915
684125225
376800683
3524578
524261087
286150646
271150985
989984937
249743993
547946574
307594043
541777846
403599014
395520836
79563007
566700541
464817518
865402991
387008361
178823032
599033519
233
60169096
867597394
2178309
198394417
884282908
903434441
610
866988874
407235136
46368
482396507
14653081
70503689
965145877
775157959
909072134
626176221
502841605
94497722
389091980
510863370
279141460
600472245
81025766
401342438
458801623
305728670
97
514229
595668180
640445572
644474791
137915496
234385843
1
400388056
111873897
8
33574530
756902570
4181
477043038
39088169
6765
149389071
11090
258932482
514229
2178309
869957527
788532650
14467864
106258029
57260808
322942222
15259109
946825848
836107140
472649049
550137615
9227465
954287971
270185864
163968459
808082444
39088169
233
3
815283010
258236397
17711
213478415
539557352
669078147
313905985
335088885
525067469
142394093
832040
634947643
982421039
34
63245986
388706117
406166497
433494437
542777422
943886046
326259197
652835169
418424256
599399750
559757459
127235127
23708151
262768772
564432898
572156459
561875510
121393
531134500
233
800573789
985899803
155472819
788825889
4181
253812153
668255989
204779008
27801383
673392069
89
413846050
557590752
34
924972577
549576967
64206951
212546344
10552743
46368
455662459
780015791
165580141
364667876
558668017
453165901
931243958
745874340
899864664
786459330
2584
502325790
81783466
967930037
16069578
14930352
702190519
618572379
412216990
937169392
987414804
121393
10954
101822264
43337851
65903079
996557163
796948167
610
844401579
632070113
102334157
901601081
631403916
313226504
506960736
558951305
79195159
744544681
414040631
359739896
749081237
941673938
77726453
123182080
835916050
39088171
908739218
23
102334155
28657
601496746
224444064
63245986
591094566
970512963
63246041
196418
474729249
367224992
4181
205982749
841726799
400459646
392526257
556449575
433563765
883972922
924405036
503605292
934550088
784093240
514229
251947278
342111411
769802115
130895543
522919222
680334800
34
832040
142958223
774324042
476809501
233643124
987475703
273765847
445553031
956736313
43353831
866988874
432108637
993384121
566824743
165580141
684212348
639807455
995796001
24157817
229218648
165580141
885222595
623936176
2
174860117
129830162
289117003
672060728
901825708
616079758
856363345
354184071
643401174
382502449
732118138
173145757
411613981
393660462
865211748
94
796592742
758449217
642019095
711852638
13530
575446860
954856929
628689370
702756602
992043695
530697950
451388955
293065287
822832602
377
928638798
2178309
823749553
54617356
369432134
616476565
2178309
572537571
74195393
757940785
92572348
715277251
14930352
534191283
997771363
267914296
6765
408472987
17711
510064674
6765
17711
724865762
943169229
245313824
185052082
8
39088169
832040
117904228
809585566
573956040
610
96146780
661905126
109451246
326153179
518699607
13
493273374
956506127
180092565
107904947
294333528
533963566
460675866
517785379
46368
608992757
647915702
447088967
455906194
308964902
492130365
318297951
722735791
691744007
418726236
118043474
742444130
288171012
3524578
678304996
2178919
777684491
832040
951106633
540411705
510705461
485097529
262931616
63245986
687876035
888792966
727336838
914367630
354054261
893947539
784761237
657985297
695709522
144122119
385607457
102334155
585229791
762015350
941933792
2584
210561671
32523647
571776397
804144283
139775797
14930352
859283034
688860770
122231029
1597
871140077
972128180
4181
142431292
83142745
6304163
910060618
17922715
272429961
377242651
28657
640129853
874442582
20633239
476073495
385343309
969301181
694039971
4181
610
14930352
1346269
1
465866031
546889332
201542251
997593015
44135440
473116333
929894788
924918275
900327633
645873303
869508361
1
28657
690633817
39088169
102334155
282893668
615374417
2584
121393
5702887
812750756
991780151
292743607
581398581
250367992
561113682
914891030
937395311
102334155
655190901
149185988
832040
160091404
81931912
28657
88222106
3524578
1597
987
2196033
196418
8
555050874
786243012
191595250
364055845
918509340
331112022
461278411
433494437
55058058
713645128
936381715
868617384
955584918
655537641
418603936
294633794
821128727
87280171
957892543
2584
21726684
130506273
604961383
34
342044422
795803437
125783405
55
28890
975111433
191371708
859518316
735367572
698916247
838805
317811
83808952
342270577
66782718
744989522
392600405
303686870
393174808
883547073
417108041
987
68549105
376186580
716786581
701408733
794093547
610
623348960
102871850
217933412
28773754
66302470
3
322627213
704938408
1346269
3524578
112494805
932802427
120180217
1346269
5
34
9227465
400255032
963972089
28788498
514229
530519316
989609435
375338869
973400113
616547792
94137808
6656989
185571554
3
997159361
317957143
28657
818696831
57579608
122343933
299196903
6765
693221890
615848140
831837503
35186931
311579925
762072222
722354786
968971030
776954880
165580141
569770046
267269717
57823432
723311738
956424554
28657
628077581
24157817
412632482
355426822
5698771
401200195
388434712
196418
875744356
748724833
430881980
39088169
1346269
209106516
15215994
102361437
3
514229
223949711
2178309
3524578
464953905
568814277
843476222
653011876
514229
121393
229995543
514229
387647410
811072105
17711
504907039
5
16276621
610
418988939
996091251
147729166
681390377
267914296
711037387
249240669
688259344
257461555
267914296
203746252
3524578
267914296
46368
604982251
150548784
890664879
142931587
599641611
548944980
850032066
265700776
762834648
605354225
121393
15636592
8
595922097
402851448
121393
928585108
9227465
139307498
435548529
317641540
503793001
249750189
610
3524578
308257890
751177283
165608806
402999539
799749270
858300234
203522968
24168764
770882371
595350382
267914296
680731609
588006646
670596430
729210844
734704607
312871812
769082683
209269365
26117263
576578678
17719
2132047
527773839
613734169
443846236
704730120
784263804
314440345
4181
845156556
624107928
390935662
37794086
217056443
997277691
517829754
877932584
9227465
689309317
219340813
458265172
533128258
989145989
1346269
896042595
185562043
288172471
416100329
700558279
404114226
983058963
824257348
233
701408733
6765
353771071
240835883
514229
987
55
125480264
195209050
79353401
67238127
294488266
701922962
19302847
962108417
982727929
34
672896184
219924770
624642361
811279131
496786863
324714100
743356458
182041607
377
798206984
149440066
46635
870147502
544660595
477226414
610
885592420
315261234
395418524
182398612
467880628
355034775
310637131
433494437
989607674
172525543
734278323
222073582
1597
425080422
78899310
902979206
121393
709638505
323960088
482359141
208860893
657945824
10068872
447788878
84494019
178
165580141
231258374
372259295
146522782
591048818
3524578
979522441
103009854
1
14930352
1
404422730
484913175
668787915
233829427
507066193
282808805
966076083
367320470
21
858919539
290302792
89
4189
655901682
514229
1665677
294721245
28657
270092607
832687011
196418
1346269
24157817
5702887
535863104
6765
795305281
729689202
248749023
75025
317811
2402875
344824295
24157817
71334372
14930352
636229097
820029899
859982145
48008886
798676580
670781156
275290905
744979019
89
666715419
495552749
703511943
303933178
140051657
39088169
317811
541755325
166507039
2
939230671
537220757
693826600
495445833
101766076
231305771
1346269
121625642
839031093
880407492
1597
517381604
911691705
14930352
174478381
449502049
51885267
196419
474906141
893758546
148004127
306639951
434781966
928599357
102004032
514229
6765
843036164
8
61067034
149560546
13187999
249242939
716396029
378044092
65126831
62272059
121300135
838861699
39088169
776112105
748253310
17711
317811
482945505
236100106
563043201
345928571
433494437
79284983
936735362
694173225
206819727
969218173
987
12805456
352074275
5702887
825068716
15762455
524692225
192585841
962306854
787712931
89
999786252
451500846
344880279
355849380
756358944
52588578
511882629
241188083
17855
514229
5
1597
13
28657
959498530
831929176
514229
400865400
6765
461842473
153025873
540554644
555634661
987
2178309
328981702
14930352
349599224
698969454
857337955
306360081
484266608
115992949
63245986
204726655
872470709
922621650
268246835
942196119
726123806
194911786
21
236797129
812151890
11429893
856196230
766598553
121393
825108927
69917823
365037471
5702887
481941533
440539556
721288706
792755327
825081208
55180074
392290364
1
1346272
220050534
102262262
16
701408733
5702887
690333243
144
673412889
577148093
57984495
59126402
4181
28657
969957160
507426481
122386050
980495225
852009862
544954406
406405738
954617870
63245986
762504046
273152070
511617464
832040
677940235
247829553
131158958
338748308
932847043
5
655107481
14930352
272787227
563419879
546265186
24159414
273818744
117130926
597746579
468438467
631927715
801204258
585332056
676581616
803659963
165580141
444163308
701408733
3
667633713
722903883
145040753
343012883
627756726
196418
364606437
65123642
510780223
486991910
363042791
164999208
538391958
491457930
121393
847498751
2206966
801724899
22036
2584
296591317
288348580
948190140
196418
548786622
196418
67876911
813114810
741910914
610
22165741
63245986
21
674390606
190770486
375486780
745734090
2
196418
338477298
467572862
729907268
602089772
5
613048906
165580141
56049483
9227465
994061663
118032780
378774295
743855395
309435149
30408592
2
144
28657
4558
434243980
746561970
619351317
701408733
835315067
6765
283897565
8
125232283
712523890
5702887
363417531
75025
423151256
46423
600573804
616970429
687658559
185035612
64279666
687469390
408740093
936005814
582167145
568709265
31905531
178577159
46368
540232018
404047861
391070338
820156861
673774631
470623551
33023589
642436860
382801213
685309709
901798492
663062378
699267958
245552365
7710206
271431928
118488898
437684512
792779828
444704625
437389131
688772041
564771808
933478485
377
327595734
161939178
79891544
152594260
786784617
550169207
750137721
149
785716339
947494571
85319042
591262039
370762092
990919629
878571404
394060515
70020525
5
225591725
55
723313271
321505116
46745
18207734
651356407
387888304
2584
89
10946
157871053
303251108
196418
540709705
952615840
231015563
257289865
2
39782155
650579604
659281710
802169306
55
239428793
112040302
264172041
574970253
965975594
424995058
458455282
743970296
4181
55
17711
463331756
858338548
428991074
711233459
957560507
42479426
938967089
692787324
917647841
406921125
65452952
778545286
623467029
564742418
1597
75025
46563225
812122376
398956967
165580141
746873816
758505745
267914296
596636410
1597
14277410
701408733
297903551
641416354
34273476
34
630154675
3524591
46099745
657041677
297477390
82542746
6765
622179062
708721997
628753926
273909725
309143370
705234713
365155891
554293322
610
377
63245986
579378809
472941861
481412384
230561247
28657
1
695428662
10946
156638600
244209393
766654230
96448713
24157817
267792351
63253361
260775154
136780743
922095317
400468137
596865631
188861689
913676536
605439886
239652600
24157817
647906024
797766624
564731227
436547994
506229436
832040
294494253
402623836
683888484
681697812
425102434
1346269
656369812
153600545
954904584
938927404
701411372
363740595
6765
219031210
337879695
23879518
925224509
909547705
395732583
166862279
871919294
112496664
617457607
464817388
519783611
109617719
450019034
842708502
815193266
125019187
938190514
701408733
39088169
697138160
118212778
267914296
394300031
903396156
416033594
987
13
676525912
372457939
711536957
513969231
425423274
494510437
4181
18109
375225396
34
258271775
95976775
493918647
211582167
116971620
62020356
101086048
482464294
143119175
24157817
445836520
303152675
815575408
580541227
437575603
89926368
222523698
153589684
196418
858147828
765861286
702977855
192395280
563016116
966962579
653713828
944002857
373571831
417964771
55
133881073
559075325
855540434
14930352
249237189
455707927
754121954
641055878
21
144
976841104
555815817
420840447
136466773
448424789
583652034
567615908
691479532
917606710
84501322
389258034
588092395
452110057
801247505
254106393
817820253
781085058
447325216
662130359
102530573
865098848
39088169
172314740
268966846
34
764699498
930394084
383200295
962590473
936677304
922013961
102334155
45382068
642885830
443302797
806159380
537875829
17711
767724291
454997445
844312908
987363931
288058513
755372464
75025
717055048
621565640
9227465
410175068
17711
102334155
333341948
372848363
161129532
323023498
504879664
192528510
58908283
573154461
58016459
196418
2584
290030401
482781959
21
708714905
74365153
850812329
285275690
171959643
477580219
961132260
832936934
851590044
716452986
1346269
117551436
246652124
226134457
489963991
703161913
348089011
998050579
334120389
438736815
364757831
106351278
103374865
88471655
6765
972303804
4181
124293160
46368
433494437
1346269
101673801
17711
102334155
636765685
505152297
505740933
311127102
969266674
196418
567329490
224022859
632545666
907479619
630900164
165580141
277821428
225544683
734251424
589130827
55
270049777
636468720
3524578
853514126
885917340
9227465
610
932194018
75025
2178309
714195919
960870638
547705522
748807020
648187434
410043731
66685224
937352267
365700600
919389254
768616249
697171702
3
837131415
273610217
591132231
222434137
325109606
377
109899697
918401028
620734798
478887119
670064024
774721708
219866768
287109654
932912344
436478674
911469317
28897303
939502653
3
121393
3524578
520162936
475524723
3
61722314
66961484
959094089
785282715
46368
687572722
743118754
818312572
1597
89
950667836
75025
237439906
297754405
4181
977751126
935597533
275167227
998940571
930279012
377719683
1
439753052
292809689
107575414
493581804
314377711
89
867947808
462938361
39295533
5
1597
54503704
583945372
14930352
110906013
753838972
102351866
317674422
843778705
71005177
67865236
187103645
41810701
202447216
38783936
2584
714097161
44683181
185367283
167895422
292165441
784869067
641816650
995471961
211968379
514284
701408733
284918692
621860474
397212827
900749439
633748945
102334155
672136126
655942121
267960669
701408733
242544616
199351391
349467197
1
38732591
589822714
125835573
573192491
573083851
8
3
422236346
2178309
246088183
755359651
442034387
188834020
67818459
317811
507415102
995602198
377
627911500
15333037
712078332
757289551
735679006
525768638
659432793
455721574
686292871
340065812
910778126
969970503
792989329
467173092
17711
63245986
493144509
1597
63245986
886199758
512831755
275179374
7542463
476137405
193505297
751902853
1346269
345222356
818504307
5
85948454
389055506
994128123
172236202
808284170
426259722
352330533
782333623
2178309
47926943
76763304
727647339
55
217904991
945064356
599296498
181171113
551715970
638047993
612043883
144
483844218
539864433
545869978
889477685
127455366
1
71215912
555913873
17316950
514229
379205239
270322959
3
840069186
249161477
6765
782739545
994180941
9227465
370255218
495164248
171344233
89
464045018
501085702
569875967
321872603
24157817
359553953
342119361
803809626
209759873
987
398281455
525841114
144
39088169
259481866
2178309
497232758
21
399664101
598635100
571775385
333914029
836312273
89744752
264549395
148291115
433494437
227979795
661296699
189074185
758497441
95361027
163394497
3
92152201
754820518
161591731
267942953
14931339
310506629
6765
267925099
601768677
455759552
493934440
241849281
423821163
720989946
435716073
585446220
576926767
407962103
800346582
185871606
548879235
409124581
252401751
23
471434287
185146944
988370593
1631
559014382
128306880
6765
987
13
401519031
333290396
567941597
1
928645889
291384072
6773
531819064
174619042
463108582
270938588
4181
325060341
265109372
469108001
453232394
137333008
21380112
476360794
612292600
656252323
3
875994612
964581534
589829304
783965021
64564410
1597
1597
518790973
957042598
342714151
764204258
426094962
28657
349796651
34423556
644918552
714534903
3524578
901095241
202513657
75025
526159496
360724666
757044000
641122116
201640625
444940662
164902434
429604381
752200362
687527998
285556945
769251866
408678830
207966253
606109787
535765608
533315136
17711
148380800
950223864
832040
854271207
969340745
233
701408733
27889556
529992921
923607314
624781283
251253501
1346269
829841401
137631037
3524578
174808216
604567442
909478286
25420292
907847466
109418173
635354563
942341683
991600083
658041804
433494437
658847123
37831984
24117966
788229283
793146660
855920732
909210905
66956118
981776171
690796109
992583669
146312631
816482039
462941413
664908235
16720234
15301833
828598974
6765
826015641
753049407
119460738
336533984
701408733
828697545
8
260944482
829687723
195928992
89
823347711
55
5683648
987
9227614
985317554
334619767
971443137
974911309
539487604
850981916
346468
3
836479786
231574942
452822847
674827178
199657331
665784670
970333709
42845332
761074053
816226979
497629932
196418
945887226
8
18002578
2178309
5
215059377
267914529
2178309
391981484
55658409
110410566
981688104
102334155
564238306
662252612
514229
179853500
46116460
762657947
108046052
5127616
740496792
4181
157720790
194981387
55
4181
670781379
935300702
462966098
435537811
27766514
249267566
118869707
301955568
1346269
757814819
384509880
674871914
753633227
692287219
987
182370117
801799688
656837184
42453608
359083730
701408733
855695750
962662953
56729643
685633831
751977901
194498782
930596093
21
410456334
454284350
8
19089313
377
394145489
483778115
669895847
521342274
747137005
21
916807869
115013355
670187894
731396677
444677171
592780605
530056512
835077186
158690152
691202326
387061112
950415825
904739396
831672327
55
18456527
667022767
956428280
272159414
227604929
501409830
5702887
660497825
456424405
165580149
998322024
959092164
601214814
948093965
198720009
947538575
850224111
903450724
621366893
63245986
832581737
326518276
357513827
5
756048305
104845212
102334155
350478089
117714995
550780192
196418
872346940
512998577
863405025
240962908
442860376
595152015
957809510
955186589
560366958
121393
637373045
14930352
34
16186378
96037144
185923891
21
685494977
600889266
913171346
921560373
1597
355014610
114009039
30667719
687176202
93610516
149593241
762071597
2075631
375536334
532696800
775927412
637500514
425555156
393994395
377
1346269
960233297
82805058
365068486
902157578
475506988
763340585
745890927
228340403
218935333
5702887
121393
884287217
582704682
34
268109219
230246096
260344005
689540226
608638236
99804442
368230661
787129977
38648606
475702213
40846550
582733744
624637504
340962670
708708535
371867063
102340920
113659639
390413309
184256631
142462579
39088169
13
975545924
418796698
884009316
134437598
783703416
140765947
377127543
930169615
1
807439820
688993500
610
542284381
770624030
12365364
78555230
978531739
957326219
1
115264050
5702887
89
238632636
34
165580141
972481500
245327757
554275507
798327840
631199540
65615020
216837811
668504201
893058031
410498174
639008290
403958080
200190882
582507959
75025
9227465
665043897
219274685
352978318
174878100
123509098
738317380
840721385
820084626
715882000
390702533
28657
903678382
307871715
961479346
497105479
681541184
24157817
10946
657554138
28657
14304429
430219708
408016373
588643653
26108031
91230655
2
152767082
63245986
654179536
544989717
51060436
961470683
406039965
248663694
870888161
567591162
273477339
912517704
655314122
527744518
709981810
147004297
46368
508088959
26
567793196
907665329
989173851
686631853
864660110
211820283
986738074
123385386
285545511
839300160
14930352
23678742
962262292
957115625
881892730
243972143
651778060
142740413
377
180685455
2584
89
906018798
112625820
653362839
381255593
95763099
290644680
253596026
713495904
105422532
926968049
618085521
701408733
13
471381697
271443
750698204
411065655
547963851
616814612
968116616
1
450283448
534866711
153529336
165580141
296744997
179182350
326279144
242768661
2584
2178309
136295290
678752100
628878231
622969507
731276681
433494437
2584
17711
588099909
900349285
24473565
662623695
522295438
14930352
2
391214194
648648529
89
763463304
944616119
424855320
844201118
57581
233
225565996
930297714
869127550
954190354
180865176
236159788
739427686
331879761
941051409
569165312
664500034
947659146
531473713
943927893
571312359
153689287
701196564
377
647851939
829735890
704707266
89
5
297697698
697481944
57048694
457652254
54294746
39088169
223150389
780344810
36837031
559537478
754453179
527102475
17711
733598459
1
624789410
543195299
205296884
68176746
832040
410133990
186438188
929308976
651496334
398105865
811436075
774721588
889745836
290722677
5702887
14967371
75025
666939731
392828140
95924706
793278215
574658980
230665920
770357750
65981824
601118843
764081548
64536585
50549
550953804
923514439
1597
5702887
89
102334155
21
431630971
673289845
611857525
700819494
853897206
288559427
722293625
947719669
485453774
554742874
575547165
810310037
278458542
119875575
638593483
325970863
201599510
687246187
415959358
10235383
75025
701292267
994028440
896883553
615208390
574701823
63245986
423131168
529584123
467298651
983933862
8
377
312524141
993960518
24157817
34
17711
242391665
597013381
377
281735087
55
1
688867027
478128066
603129600
876599335
736708943
112976594
943639326
583455714
844345318
197357380
1597
148692658
685445239
690400135
704729418
450204272
408644349
553473205
812132854
775377821
463496580
3
829936507
605657903
472530535
451063251
77125294
175828679
679869781
786632083
89
267914296
864806065
805425572
348685250
66769232
165581738
896574218
303546957
196418
576099533
400258145
73865868
322221822
832040
933822786
900564075
1
824805850
196418
292377487
39088169
908370297
279920041
363951306
116846752
893787133
773249586
487464140
987
281874122
28657
461772751
679682413
198680427
741588949
658633281
75025
508638426
513127012
171870873
368876911
514229
454756568
872693809
519081389
620676591
265657585
972857589
937901197
576941892
425146080
676138062
795381482
108689367
279676039
884254266
866152221
906942980
359722611
991365290
5702887
977395039
780602066
419322078
5702887
219150650
900388665
304877630
879452312
987
828200093
55
798719787
622510601
777662892
180811737
144
63245986
277538636
701061947
17185283
575347937
683613742
336484683
896860744
281263825
460371720
46368
634913751
809716375
559134541
355834040
722030323
9228075
336038553
197494633
1
196475
128860000
203126008
76129537
164982039
616396056
513198095
160752373
46368
76305648
660297872
880518461
241305563
94047197
740539066
962900486
846155923
233471154
599837427
335317728
438438478
393807166
63245986
162828567
944377693
317811
36604078
972595142
420200770
62630916
175824944
334069301
63245986
248270970
107619424
874502099
539769169
414623258
975179523
612461917
494505285
9227465
898629552
102334388
181685076
782213620
487371128
1
590678987
92963776
201616357
915438545
495712500
766507839
440006187
849707507
639824067
670913374
28657
115972309
689982878
305907674
700264576
280702172
566649557
546493751
895639044
514229
469230460
949363327
294084811
55168825
981229354
879461869
169442106
39088169
950023121
24157817
901500446
19928429
42305261
502396724
899889942
361724307
886750338
276895809
679233897
34
42481860
457949462
16989439
24157817
5
630457617
29076640
197719770
807986393
920444293
741035231
697023989
701408733
162387504
901120323
121393
673175419
44456249
454926335
655641304
287783367
520534899
9447212
17288463
685640206
262683020
866197273
17711
312121203
442831901
433494437
433314822
815833610
987
135837472
6600143
2182524
155276319
576565669
433494437
377
487376956
3275430
317811
623053006
520190510
593781933
87568
310691191
891481555
967411882
700629752
224547573
694398488
433494437
118022025
196418
937268667
130998578
480820396
106856207
635618936
877453146
342014034
982958991
382602957
865485030
916456564
330044721
110556354
224176613
76708940
3
6765
147162853
317811
34
317811
602609103
21
832040
771995265
75025
802302006
267914296
871235200
662069901
412912881
502865514
377
95186168
223785414
5702887
483291102
912755287
1
5702887
865503173
987
17711
17711
238467246
875578504
755131533
279493771
824641964
223918692
782992003
57678240
13465592
596612756
961004218
13
876043557
992470650
34766287
267914296
518789424
331137447
832040
321571234
394423027
235609357
807293931
914141887
862106767
837217549
9228685
958611854
482830367
218711663
334216080
186630978
564852719
952258724
317433031
96675795
374710431
549544393
636113432
788441850
349616772
335371206
640653955
10946
10946
777754129
610
1597
121393
76049356
847096608
945271972
291094898
215821267
539763563
652691887
208974902
428918819
961154716
973849857
1
480439182
272749140
956739757
120966435
846076609
494762917
144
433494437
389544564
46368
610
746712732
933136778
24157817
14135430
746044244
812932837
10946
218055827
729132412
477141160
603665485
120346949
102334155
828901606
167242442
34
102441257
75025
794423567
142880563
659963902
919689933
776433068
102334155
621066120
3524578
365676751
3
655347016
973214966
987
140661462
844538497
557310733
500975822
585030919
535140812
639940447
39088169
803139509
224660077
539172028
963290532
54359579
14930352
595360351
267914296
667956121
16190444
120748968
668902060
682778424
274005145
610
416753291
674851258
716265174
904223921
855278248
116322583
244042093
493379151
14930352
568922161
123856123
642725186
417549337
631365283
680481890
861237741
235553082
28657
782130802
193008979
192287065
756314703
108946241
34970289
896991898
813575504
617495931
984089368
49636743
545879953
906010651
225382014
300076820
884703566
539976326
181672066
474282926
580865454
264129743
349097482
306754002
824277704
495277037
571563943
121393
438096138
39088169
39088169
231488436
306463971
113910466
5702887
21
75025
10946
317811
249945969
751759290
6765
233
568203345
525175
512975712
312683673
391251205
5
527486644
16920393
981516750
17711
752735177
9227465
671141082
170763879
701408733
568550761
63256932
734394406
598441651
679381182
719892660
80620891
625020219
590417384
1597
269796172
557343001
595152613
1
582098450
61263186
776141167
3
578
934218048
45442668
721927858
374090840
192879551
745982868
377
356953075
281838726
508942212
13
355663521
826150707
719701603
843327813
220409670
843810217
843434398
335300760
798219473
196418
126491972
145129171
608343593
826396852
187201573
179903657
26850355
352094500
660695248
938272816
13
749756919
434035625
837703167
412589781
377
11035
34
60
114190436
203819417
156125876
631461138
184103450
972055263
576800762
48891679
271815048
4181
433636847
196418
701408733
21
203109995
282482090
1346269
721455374
578788662
372419342
184351620
19139870
4181
373079758
9227470
942869566
781883811
680719693
559113794
737236548
920814248
516067132
258825555
238366566
189567866
560349206
3524578
900192732
698386029
697878547
689879990
692409112
1346269
267763649
39088169
832040
594271681
987
2
722732038
193761533
566218155
558147893
2584
610
32529727
180660630
3
411795856
24475649
832040
55
513916667
151702283
157324636
73455816
626610080
891622240
396936341
111657699
844115709
433494437
604460912
608516529
431944418
669490261
413939296
832040
17711
388127896
433494437
60
259855999
192126219
832040
58094890
39088169
512791575
8
457331814
14930352
650291132
987
49827953
255968118
715230625
954419773
597759321
869831966
87242711
841987685
268035689
642112071
498441189
949756740
52467402
658015390
634618522
146003409
724495412
716339085
129058074
81493731
23374234
879476243
283686957
70035092
90313301
858007258
759243045
759302175
894011635
415275545
6765
381973658
597187905
523238599
9227465
880545644
867306685
34
952192886
159857970
485232688
268076544
6767
596670626
5702887
610
213102658
105556095
1597
859891187
713766692
166374173
832040
233766413
928209560
610
206496846
912719438
89
5702887
341613725
1597
834057660
102697273
133915559
300015928
2178309
196418
17403811
354768280
358547134
832040
198723616
701410330
2
541109702
465031859
621221280
946066128
518415
102334155
137463968
82919889
165580141
89
766567421
6765
75025
317811
586635453
603785248
739098118
433028448
468815398
199053834
10681081
271466002
578100687
109417699
455133641
373972946
46368
724630382
296252277
694021005
6765
55
609521057
36614179
21
263228451
701455101
390688406
6765
578485199
68367741
2584
1597
548179507
484514314
5702887
452323608
325338295
142057572
138780040
220070488
636428600
8
920554982
512430065
621173051
514352
27069507
21
13
102334155
104522103
676584781
342520198
1597
75025
140756153
903519061
624652584
904381107
11062011
445689736
866307535
13
457918926
987
131460090
774240748
1346269
143424052
13
400327090
375036541
433494437
367772067
870488777
461201910
87783886
469546295
843853904
203073563
1346269
260592236
67888008
49703461
196418
562264189
844750656
177284334
10946
847185228
3
4181
840900497
706785380
109649571
586443680
409457275
458762333
112122878
987
841633075
753259020
507429759
485398151
2178309
406208167
605798341
144
486748584
85658989
160533694
519103510
834230823
4181
540660801
592348340
625996969
185477551
308047587
577277402
232272489
342920846
792844414
202936750
243663708
613587025
810834551
298625347
34989434
368476668
5702887
568217940
131660925
854033807
642315582
275515881
378050045
9227465
499211803
4181
959777470
625102034
990797084
221071844
164468243
588922299
569323008
649533593
55
320365689
109332806
932920601
152856041
467364304
121393
872583163
535736027
757615828
871953443
301102463
658039442
698578099
651293637
429714887
562889131
317811
267248851
539755286
24157817
92741
770948078
3524578
147313402
61872806
973828992
2
410386948
621452881
102334155
781420747
91986373
21
962812843
802114168
798653285
178778348
8
710525457
114602414
558675727
502767465
52632529
378206803
109134430
902303353
822575429
231227092
21
958807523
19227743
592768696
820568298
763325551
1
317811
24157817
268595251
448505440
74501928
904277267
351717887
24157817
102334155
237515850
14930352
514229
845712761
160120914
63245986
5702887
536359013
856666457
726182049
309680567
667315892
972030448
300097764
21
432601142
665521163
829855131
844350965
647627948
2584
714893381
935986229
613178126
383914723
233
421896570
4181
973636283
10946
393868296
377
897032781
10610575
678477551
3524578
677593799
514230
354490813
195064106
191125735
528290652
165580141
690308499
540495085
758996964
277907984
548886629
494311479
284663989
384366104
250050552
131100857
119329525
144606932
55
662217477
395004269
701408747
420227062
15016556
55
110026967
4181
269227029
610
334284604
433494437
875063829
6765
630325497
878217615
738344512
514229
282436970
80555234
237770799
697009714
189021291
181658941
694406157
908270011
822663970
110591871
398903691
10946
453218301
24157817
848063760
2584
419119146
963842772
41821131
330181037
667857822
485959554
11687656
404017407
738951553
369513537
122003
736454023
571185089
958806256
670584359
832040
36228927
29488
388162056
840521086
878569246
28657
819815170
453053063
742022947
989716741
409178810
615300749
21
899892294
648613242
34151588
10946
13
884209320
139257393
348589403
773056317
2186673
234194449
167482215
298135305
54009079
541038984
75875007
875829516
646173129
39
17711
245036757
763284553
13253154
46368
942791931
920710852
554270765
319420997
856196744
872710845
664687442
343358288
264116893
722281652
350065244
777954563
550537990
545497980
33501852
768938985
51153182
86996145
710546525
675160531
243153804
13
319133907
987
262709082
388873583
89
377777701
629785089
254689430
651329767
63245986
377
929551679
783138627
108298969
810574410
706373416
630290931
65336102
377
858362793
46368
618282152
160334984
205873478
166385488
178007590
616102022
928157304
440343188
637309170
821654404
869029458
34
610169731
341375786
351974504
710522264
56493821
241367629
75025
819818807
733123247
6765
95494606
10946
701408733
733180737
987885940
248009445
89
9507022
292098054
957210191
18
137286748
436044104
897676315
542203566
811128736
506359353
473784047
22727801
610
10946
107634
377
1597
3524578
53989661
979417821
382441213
89
146415341
273430589
160004709
2178309
987
352319123
699208569
922888433
24354235
583072029
481051996
3
1597
75025
125902302
43345913
31241
490347810
618980804
169454112
696643698
840299927
438507246
434572463
920898628
788580491
8
902381429
316346589
156673534
157619333
121393
1346269
5702887
271320431
939498030
974728626
775564885
374725
701408733
636211709
436772872
188180411
566069329
232524805
767917680
63245986
676382958
158622752
495183835
267914296
9227465
943601643
8
57168976
650196184
674257439
908100060
66855383
464998056
353444380
251827250
532823102
377
288577529
179601803
2602
29109259
781043843
657210000
357868394
726031902
267914296
300539148
17711
58868088
102334155
346188159
239842490
305106475
331809035
889094868
333608983
587537490
6765
839272820
801739979
170637199
613441841
102334155
2
156703748
75025
250992819
1597
987
907694217
609661228
929939144
539398940
832040
3524612
13
504280773
931469200
642364541
451800004
807959244
1597
1597
594214029
448719794
50188760
24157817
569194786
175165320
106095096
5702887
102334155
833836677
909687944
337749158
516369645
167001435
121393
33479972
220411928
2584
421399678
164279284
148992425
267914296
389617390
595649642
531180456
610
475350932
532882585
449666987
813297644
623
4181
121393
39088169
664026592
433494437
496914026
203779311
792625344
55
357309919
3524578
610
244626780
88603258
444268288
377
250994544
993224449
64239454
610513247
556637852
906459907
267914728
389534227
276472079
779678879
516334357
334956295
914913157
487320934
55493067
63245986
623057398
729853391
610
370118627
102240636
308256654
203340784
337213531
691884027
55
529154093
75025
4181
196418
560050721
666146635
528769749
360337969
389088729
55
156792585
627969559
34
695686949
416184340
172823777
92198497
102334231
812502530
536668376
121414
610905070
46368
663788370
5
721185588
498411214
931187984
1597
789204261
165580141
656433448
308305623
3916676
207638693
606552244
57144703
139441731
327114914
3
14930352
145436876
1
705686726
402636475
434530870
324710768
165580141
276083840
752584535
262467694
305885730
452452976
856009723
430140326
759868556
946582456
753826553
750035541
1346269
664393342
152
327734810
151554784
386041709
406069445
55
667181557
837512392
875614397
577294300
208643993
965572692
3
115904846
391720138
619133736
2
653985193
121393
1597
262549899
188876610
29666069
686317021
836063258
470457651
562056334
458056508
803598806
75025
514229
518326500
52685411
359565758
342452704
494392981
310619120
837442012
102334155
344663985
426620203
750474026
75025
359254198
138669277
496489670
600589599
622777630
233
33485357
988330500
647654715
608828740
63245986
89155165
625422343
652746569
944137146
159493982
932872529
4284905
67911653
663224365
823152478
320053596
956853522
416724255
701574548
85511870
514229
725027891
483927173
77757814
933582022
119409907
644382249
476227119
370259397
546345001
53463300
289180266
548620815
863778681
462623264
14930352
468584036
701408733
441341718
865526548
200217270
642343135
805954501
577573024
204668310
770825694
141448700
858350607
631551525
400113142
606264050
346207837
766545058
288781471
622445658
317811
86413716
497786835
610
34523364
237753223
628475491
610
610
781039797
2
252980212
553209365
476011419
356439670
732155364
490776534
56210415
814193492
485155608
3524578
574106004
3524578
225408708
473835224
1000
9227842
734794015
195916418
105222910
711422339
809593359
382596482
993587731
432238094
2584
297648206
243049650
276172574
983837908
206631877
2584
987
13
504061669
26941918
402842249
762234179
24157817
575749999
340324975
511840003
203008502
317811
34253973
126496432
836891316
68692425
164571924
587872884
301614161
360202338
525175
10946
761168837
792228242
3524578
28657
722402745
127167484
154150313
102965208
747821549
272774296
629227742
572303341
640197419
913495194
457828455
974580937
100804387
516171389
276584652
126491972
682108410
199877785
146970598
102334155
935778693
514229
48390659
455242993
921068675
10946
585237835
149382475
587152407
795919578
278478027
600081925
32973880
4181
851097934
169098723
808809046
598276207
928190617
31785516
739960472
42096322
17711
24157817
443144445
121251942
488810851
184362897
504550539
970452950
98418667
134537850
596950920
254258244
238110235
806749358
996480178
911251577
89
750946140
6765
294396834
196418
706053868
457383377
9227465
104600490
260637803
546188181
214624477
46368
693241099
865189086
977587757
432
299249783
504180521
278029748
551504078
20142175
955860399
788976251
997934114
159099923
538345011
974988443
795935606
21
149973407
233
48287612
972022795
467772786
336475674
613972359
63245986
580170853
257485315
297948342
379177827
514229
345022539
78443302
877722644
705433841
787836605
6475992
670915087
462082139
8
104365418
107588522
936493057
857133365
352288042
221101413
271953247
39088169
848932799
280567777
514229
149089448
432222323
926603318
424124759
329576598
233065970
960862108
317888004
5883242
666473148
268220688
28657
739779832
121393
781175207
305006078
780544346
357155796
317811
987
63247591
34
3195
22037232
55
377
377
306373709
334546223
251721710
39088169
86176533
284680281
19630754
144
433494437
907084385
640303628
196418
462995342
323812745
923068325
102334163
274305888
737321603
859838267
200400697
336771277
325045734
144
582343360
461638025
599809549
805533038
770603679
121598326
267914296
17711
369660761
2584
776522724
1597
36240809
54623322
446298240
548088107
498900264
734767588
75025
848738915
717820401
999460400
17711
731864323
34
127845006
832040
453562738
575203012
4181
701408733
433494437
674325671
92256468
404397459
817124342
510104426
102334155
144
912766357
521505847
910558270
832116147
597225653
381306054
317421452
933107602
670528267
17748
787037558
752686053
119839442
769113626
572835224
437298785
422273125
63245986
280058021
610
883866223
601455202
5702887
572932332
600638494
46368
701408733
317811
107816895
675790072
996234950
659313097
97843410
233023380
283942727
196418
313509780
293786904
477633446
638050959
27756834
343148554
756898706
306639099
679605331
14930352
211759442
458432911
34016857
249720652
937498108
253062189
13
92072063
142959999
84402303
545981684
849674526
900824032
956011432
170566187
340673170
742675211
953555719
183797356
133706882
317811
719453008
800530305
165580141
42161318
899420538
665992853
767854988
755545593
391402436
291391153
302679086
908041140
582690142
3
317811
540398216
906221957
46368
881508979
451089415
8
701408733
610591073
510581264
761624135
538000599
455549595
84554421
8
9454137
270635341
5
595533460
525486276
645692325
8
37571985
579299672
701408733
678006988
341269715
695764210
2178309
286416908
966658653
774269203
196418
13
545428674
26197569
75025
34
478995737
734503774
550263506
786637814
759151507
38777218
81398221
6765
254036273
691561737
554250229
962754750
75025
168526450
979214237
743806419
1
267914296
122697141
615273738
141836590
21
88064791
55
848330642
856091199
919759143
928878482
988413085
13
485114289
865474471
17711
433494437
599150906
63245986
508529266
451955699
111215001
751539893
267914296
141883022
982730009
39677910
196418
821288204
84152302
273823969
375177322
443243997
21710544
197386812
39088170
678633101
920917034
98278852
756585895
59047008
852670581
5702887
82033462
614923607
372747955
499971618
883502091
48621815
610
55
288422686
289154
542287750
63245986
192638022
613042009
375285563
176512335
8
39336827
9227465
217755307
801914186
936257419
130473399
648093364
561110183
681118511
46368
776558738
705944885
456785292
322876917
433494437
623019015
433708709
704598942
240743705
237797422
962637383
582086522
78986276
960731425
557637001
604750110
447746036
181438086
226531864
462227694
801160208
194667702
317811
805724517
514229
14600665
626749920
161776933
17711
627931630
104427733
868060133
689148779
210045639
442673816
162445657
4181
927852747
753616099
302173059
724946709
946743512
951421865
488744043
10946
2178309
147411583
424495018
562921103
586277690
8
517759338
427142525
437422593
15369844
941111174
39088169
302987863
14930441
267914296
369812017
852856272
701408733
5702887
884724584
377
133395484
664069564
3524578
1346303
3
861665422
522735910
623347809
758548161
616622383
3
520823167
233
244354395
701408733
122645315
445430201
2584
338809831
961963113
5702887
672127561
196418
179029356
509887575
55
6765
63245986
14930352
351583786
499100708
409586305
697705969
652510597
689159949
747768435
769539662
348806014
294643762
873298687
507103070
762170246
526199908
337816464
751059187
729440401
89134992
10980
305965259
375729317
836531495
528190637
176006029
500822488
139198648
509801232
445602215
2299702
63245986
465223889
133380312
844119550
833601068
431065354
546627084
663324646
644255041
886233036
161009802
789980943
366171492
593095179
832040
736274618
788893636
288447617
1346303
877991260
964879767
21
996375151
917401333
183669840
278195402
633143537
20277042
810355771
595702056
270103552
670406303
567721254
11976565
412312205
78358571
566387106
41169826
395292123
480374637
245740023
326122428
914010946
824836897
394507839
733060573
21
885797483
553944079
406691099
63245986
131447531
8
548481842
169034893
660462331
839412691
317811
576467860
78855621
512738534
427682996
419573927
441444849
855395360
387932346
848794593
109128250
173334703
14930352
3524578
24157817
707031454
372016112
23188879
453107883
987
238096953
166270272
708429084
92273616
430901305
144
783188795
877432476
372297688
921401488
933112957
15
28657
563599179
75025
39088169
957989856
479161191
580858982
136150090
818542824
982309036
841662455
939429968
24157817
402352595
54062322
524731571
337798545
679351328
289437176
477736676
91045209
377827565
734542390
867606239
862644101
68959819
531650153
1597
611769927
946777725
606914305
46368
701408733
779675893
63245986
129781225
197552940
453374675
1346269
46368
167489845
400727204
261836393
530802490
299665598
84493413
111472981
116962665
572556529
701487939
90552026
973537404
242330604
46368
956059860
706176057
986565013
55
832040
925427709
233753360
865693645
3
901577545
377
453583719
876867375
957269424
365543763
891542354
111736382
2178309
231306631
888100651
293175077
10946
393907805
103116731
96204611
308571367
299445754
639449985
75025
859486753
788578687
188710018
327665596
756150433
754565029
879622672
388008037
212629712
39088169
488704705
358329236
392334207
841049250
857315281
525232151
24157817
197968674
915893694
633386335
282165870
28657
8
289842188
654766913
170541701
289082685
407788862
28657
5
933032956
28657
845986783
266544497
160356253
322815895
2180893
244844749
497509934
357075909
492454230
215855150
216639775
267914296
344930903
463338105
102334155
67996416
641413030
971097438
180485316
46368
584921767
612595509
509681143
595034414
279831119
693858298
194855770
457859090
400978312
573795315
726375699
706740830
776670116
116549870
2
505423870
172771859
521127272
639622654
80136444
533167294
129844904
886975084
4181
865686633
556606224
529977367
17711
1346269
85459719
325853890
11125273
903774142
5702887
795961339
984888372
313754630
98035280
819839255
472582606
55
2
833637
699038426
714191728
196418
434326511
24157817
283902245
188824173
14930352
900524851
734336169
454738344
144
1346269
254445332
851610254
905881948
632491360
140637660
1026
749742630
980868794
701408733
19156168
494762844
518413373
90228346
227442961
515362720
886062922
220340771
461784151
288367567
350589958
892398963
231965735
96197759
583353264
997019173
47363
621608648
443821595
629958277
986128917
248948764
543751436
126930493
618941504
656897702
63320790
525799020
492009787
405927818
614555948
1597
3
196418
165580141
457389170
839615074
144
325345798
130985463
739349713
465123461
538926663
927235497
361612634
623
6765
896382054
521078732
102334155
91013139
659831873
205717783
689782619
14930352
890775693
590125561
13
982441966
272899787
317811
626725803
124241649
5
447453917
129807032
570832143
913521013
75025
240060673
5702892
677405620
172659295
21
13070041
333120089
940986796
3
712867089
3524578
743955951
2178309
335259369
9227465
483616318
704938545
247338612
596600839
510726016
39088169
593370636
512943857
136902703
81985044
4181
62436538
233
514229
868447335
618245718
685786269
256039093
527911312
611710935
208773415
9227465
402301912
39088169
979883969
918810858
675889513
167955877
872778072
239503853
81158751
1
15444958
909098347
770295281
555787519
581936291
2178309
431641311
974717260
382650892
621013092
480763313
878663614
63245986
112148105
468956875
501802017
2
972807199
710806907
110152428
267914296
573489904
732010036
249842555
256275495
45951988
716257730
47325653
157336789
352199839
8
48046210
427394644
610
702589992
599881840
570478864
267914296
549433820
936009547
975311561
6799
10336
196418
364549808
317811
548611152
89
498931210
916170834
813565940
4181
422855426
52771405
542951996
2584
557355968
59233096
51943727
14930352
63245986
3524578
747833902
700685773
727965745
863027505
94360509
202385942
603783874
671047121
211331539
307045443
103015652
372191883
8
955237325
185201507
267914296
491643269
1664086
975546562
787349337
2178309
532981724
998108857
415881687
749625494
169610787
864496622
2178309
10946
502870478
144
803177153
165580141
392115156
13
423339274
663380085
236779459
46368
462939973
864909110
165580141
686763515
59949601
842758545
332352793
536540993
17711
620722258
612828304
248074447
585513719
984382834
856209810
430166113
787270495
612769777
684389589
654067956
426047474
10946
592851165
547967123
876838393
310750932
924259149
5
482781502
20344574
248128819
703781158
971151891
2
428509171
962522949
592952312
63246363
146361323
647
366243115
435806288
10463085
863187857
40434493
629285201
320332527
823826060
444128033
356013320
39629275
4645989
52920327
4880479
75025
5702887
962410446
578089517
570569866
2
75427297
433691465
148580608
826749640
43881926
981983959
736620492
9227465
267914296
613985052
442323541
195749158
1346269
997465849
2
613460727
736079915
647140016
277273568
575278720
609466264
940414081
8
144
953877230
800208216
826930719
707892652
136278108
888640101
2584
294668176
992177803
779352282
120624113
105186028
527558426
952014641
778566009
44264644
2178309
99892995
164150129
121393
341515846
361196955
661430656
75025
992401371
1
267914296
649205899
665369933
69359953
398037390
233
63245986
831075889
30873084
752168608
562114763
622427601
4181
771571926
144132392
698727904
356187227
894796009
89
726575953
312245699
147172883
223930302
435952759
11645430
50831522
5702887
356171010
137324607
245938294
648854634
2178309
21
189334748
945549144
454862230
49257401
199102560
3
753327299
966776782
20404030
471785629
8
312116413
1597
894894615
939042892
517481588
165580141
543058657
21
574697028
63245986
555834991
303168452
706874952
113869249
501196541
566327806
991607268
759987983
578319923
263831744
482542021
193725906
604600881
832040
80479089
267914296
63245986
918202086
386166811
736323781
4181
312960967
121839671
665569603
1597
151805697
4181
267914296
790038834
4181
364901026
139838572
3524578
104833029
1597
111595344
188665222
605806217
281828733
757640165
421987469
5
879890786
848010286
41463732
825279927
571664253
717594688
946048993
672269423
658851624
326173
751752795
723842195
644040539
512133873
366780125
326010211
91050098
492278115
749119559
136558495
1346269
666480647
1597
828355791
63245991
337310992
705171863
13
751984000
711088938
3524578
1597
435656163
144
306030690
787708029
220558933
2584
46368
396843032
783419091
326713888
179367651
861694878
693788165
973884870
719641603
445752822
886939493
562667533
144
725386401
367714481
620257184
873422159
102334155
871257232
845858043
823982228
175535659
514229
921958298
210514546
885811855
57027435
800580065
974957599
826511196
935898916
1346269
535447639
187343353
135235479
10946
902442713
140983350
877762113
906041916
531256320
240228200
63839480
7476040
1
758199592
5
980628706
304836541
5
230907515
267914296
2
531178074
126112231
14930352
784440443
731980771
39292985
6765
304016518
102334155
762025334
939976096
766000988
31864899
6765
409054861
521321059
657468629
551138051
691272818
227086916
13
462044130
3
549041668
1
307890451
25491439
610370452
433494437
595955697
169908259
799175645
878059711
982609643
833029070
24157817
759008900
28657
119502150
914083728
4181
21
796815865
321992
1346269
204853426
765890412
657817971
348156552
530117146
433494437
228688197
973059631
95361157
5702887
22515966
359846802
889184047
39088169
489142070
471707146
121981710
104391596
121393
190748011
85973354
920055166
365550235
5702887
1
915735120
737307301
86208448
829521683
153860116
706385641
6765
5
753857714
1089
99319477
1830
1346269
781410211
887647221
510807910
293483181
567143538
5168
122431851
561539962
960861166
191324456
348719351
2
315034104
594167250
628773680
8
75025
262689072
13
433494437
292531260
170120997
586774609
360656902
1346269
950268238
2
39088169
165580141
4181
428449763
4181
945907008
475166925
39088169
777203937
347353475
937130677
833730244
244591181
729128617
830384860
974692611
12277987
431153981
951010446
780711613
845293015
901425812
652252105
774720529
2
314361005
962999114
694121947
364612721
686434355
11035
674370271
610
529216676
145098167
919581804
810618018
417922568
722568296
576728656
222239760
691521471
769712601
644105867
743173957
390989634
742023514
235274683
251175827
377
2178309
173345266
870787155
2178309
514229
689924257
5702887
494182356
129086678
257998264
65706986
699267008
10946
2178309
5702887
315232134
68461692
121393
490343968
280993701
5702887
626763807
314549893
692340997
267921061
177605140
87796217
13284745
3524578
676677678
34
77593677
982097266
395999347
303071340
433494437
950952675
575869975
364278612
702720897
386983520
697259511
526755063
28657
788069664
95908472
145034502
14934533
21
987938601
558207331
136988791
63245986
450313356
102334155
3528759
80419190
533860826
961769730
97458322
3524578
233
776753398
21
420500306
924467500
1346269
144
922523523
560154543
224729354
100554054
44835228
288100913
195460443
815678282
6765
764905331
922740053
313382897
76335755
564805840
896667837
909101598
155304444
505481334
619753118
869188239
13588911
862364511
499189369
34322708
755655829
701408735
912811595
72655711
559697334
594813331
620656533
212691185
739867251
71951741
1597
179698794
892363890
585748748
716794190
922090234
972728649
885128449
762578918
610365281
109457783
359640266
835836376
71653223
368418118
811434262
423308503
380677084
546775868
746685122
688124732
192062983
226008125
387344484
961393463
37411152
93109274
708912248
845265494
55
675991554
29854803
964894960
772200791
321887192
6765
30354593
753358499
670524082
261815083
376188688
701773130
554177541
121393
113247939
8
990291754
132512775
885568882
75025
115737208
433494437
625795452
122621304
705885870
7473403
273792754
286922767
349983800
102334244
10946
870772490
460398824
811989407
663127032
63245986
813286825
274265569
26529253
82412135
197666011
432116064
28657
144
650302651
465331691
753230691
8
773535326
582581590
201193534
439460451
818988183
687803460
19452
752090791
701408733
28657
899373691
15777349
797120402
518985320
898702179
118276416
832040
239155367
9267807
974838212
160359734
852256090
345722749
42997279
752966314
144
97342445
214916978
180371305
88326307
701408733
166926410
946659444
548342156
53745840
437865923
96805872
701408733
46368
1597
226909506
998872663
808535564
556767587
1346502
267914296
909872985
851086236
284459955
46368
3
672385229
686559100
13
317811
131031842
42743943
102574090
339413308
495896385
289283424
26610828
428207547
213835532
391536979
75025
464787379
5702887
856148056
982661535
251210449
195155463
102161382
800195104
326872682
787352495
478913782
508755827
710927533
377
46368
675821953
433494437
91896065
66977296
518425004
180456352
963232772
612243109
748098089
790418895
566818302
947136963
709840810
1
762693728
341702501
412387007
122789964
6258886
874699134
852869378
51258065
658782391
157784110
669366971
404665994
433437075
83814579
190264320
97655291
825480596
105992107
160399890
500467121
4181
263643846
586806185
48065474
900358578
983688192
59052704
62163878
9227465
677962667
6609719
196418
9588710
61351781
145504232
39088169
844761066
671433322
913017612
50840585
331426306
618034010
768216931
711038447
46442239
808423788
317811
6376436
208282083
440480584
286424656
562712896
147145840
967744859
193299842
785434740
9227465
377
267914296
1597
862949358
983611276
308215774
75635
660155417
386197267
713116321
762458604
166841869
55
1346421
102334168
2
134419271
572246019
263915287
701408733
317628012
85013091
623512694
760490625
974101020
390340904
545587772
912115495
77676698
370966940
14454838
874518443
812850349
646953529
294181913
289201946
896991681
838739755
768627249
514229
6765
317811
945749594
415144665
892094409
338106
587980212
97900154
615294351
579239400
2
39088169
806608075
299519836
800539216
669906284
119537145
211545
8740476
980711554
444907998
63245991
24157817
508473047
361446920
739872070
38505979
978747040
81490449
85915105
600417136
790222162
162116413
22389624
265350527
337409735
113638913
986726397
684762474
87919935
63246596
1
971267816
495036669
292783995
265355466
55
640921558
63245986
850499804
108219595
838970905
102334155
889844455
929068570
660118624
3524578
594062178
958864641
537094838
230737755
1597
39088169
810598331
601601865
63708696
283261712
586818651
795774559
239589881
51510910
165580142
644021369
359546306
875571160
620539827
62170968
792937200
951059384
922857510
611170283
288828144
2178309
440681653
267932007
197429650
296591572
444848640
178902950
556267897
13
668429735
121393
330912874
123130509
234148585
48675939
711523078
865570049
300611198
533850529
353674303
252125668
257369593
83872688
80314437
89418887
626594345
297971713
454231722
1346269
882327790
893028347
210091310
621131491
514229
729306109
775783881
8
961369392
32750889
601243369
102334155
233
2584
317811
705829243
694053048
409614912
374848637
196418
659934767
304742855
312384169
275050169
26404454
173035604
657444666
39602398
697861535
586433692
313736830
336210323
3524578
727030706
60319371
826618318
584197399
612883991
364785701
300313010
832040
141450678
3524578
397559472
832040
777900228
670821312
90658
556049701
267914296
89
171360641
384133322
912416813
73125024
510837848
763013437
155194095
28657
89
522047794
175012747
386605552
737903205
901338842
520872071
474475676
696446770
412226044
409458263
205570042
870071884
428387063
824104516
955716917
838486813
746626664
53770121
1346269
135025917
6040045
270370689
913173313
996417339
798578597
24157817
362395026
181237187
490929271
798930521
234493650
98537144
535623344
298274039
904004893
8
34
792176823
929679098
46368
2584
178774745
10946
612690769
610
236983076
165580141
986429
297997908
917707577
714115776
10946
62733383
33898320
864489278
834379349
519824806
5721619
265765036
34
12247414
610
14930352
267914296
161452232
21
2178309
781044992
630076279
897024159
442230002
409325189
2
844092306
233
835605368
792230789
558874876
864944595
199372730
334189181
313692293
928807767
211124499
296265237
233
198003087
39094934
75025
746009746
1
902254233
680441300
39584549
184280604
539622434
2
267914296
83757045
225767612
564890503
697878025
937391123
582129999
814859194
304852294
33252067
374746944
176887737
824324814
554786186
864408498
644547044
316893408
400399768
600905207
404541829
668497885
311673308
892714532
81061773
747693410
377
760409466
228826140
832040
911133130
210903184
416525743
855479517
3
267914296
770249192
643861460
822222724
987
603180426
90487077
25221330
993659993
563542464
103685
411327724
715897790
13
720202219
333664546
275104419
626442826
476908409
144
832040
414480157
75644721
891265523
901245506
315012075
2641
876281587
318044
795398164
48052776
2584
5
306969766
235890357
354331973
892962075
39088170
4181
698097148
305208077
458691290
2584
38018955
938272224
232829239
616263621
276960327
341129815
91201520
759096825
249728554
671273295
507903818
987
826095782
219217286
556492326
517510580
590515313
440597089
24157817
972964469
855405965
367599515
588348518
8
613
509909354
419399088
39088169
388928895
550841300
78886458
922031060
800898132
853621332
102334155
955984842
68038509
577595693
677185409
122231959
959996733
526884636
722284428
661379694
978972388
21
167387000
258202969
403986997
619570342
297937644
536511741
3524578
958278116
619909135
499792572
942175295
701611916
521162697
724028940
70900644
251859582
937246095
465206466
780748810
550196197
241211627
73247357
432505811
331812125
604958039
200486964
24157893
952446806
977711008
34
158600683
634847583
133649850
773145469
65586587
10946
542876655
75368434
34294569
886660079
255613484
59642983
224198013
136452821
296059006
17711
683270850
57985048
10946
75025
206162939
2
442721902
299307663
196426
617381680
1346269
750510226
413159
175168039
360692551
46368
839300506
653180520
883749838
976307155
2178309
664999133
669107450
150343217
744399427
411555580
92224622
818159863
604770177
223152741
922169497
24157817
106260816
872390918
1597
165580141
155267419
748493862
504750103
605480861
31194060
853631437
519859380
11400674
701410632
55
385449658
967883123
362707959
88553818
384828501
65899901
975633687
756686238
167344365
603840673
300359270
841706457
666176732
867481708
447418883
265463628
94252666
433494440
337001833
534201012
913900459
1346269
480100766
701408733
701408733
412429899
868684285
365059569
663298387
75025
796464405
43053130
599074578
231634680
929389759
14930352
547634514
122492251
281837728
39088169
984523894
870961274
822589321
836200284
299553975
34
14930352
121393
9227465
666413277
695885533
216658002
783025557
387692908
242733516
964291447
343121186
930066839
424801975
742097636
439005164
34
145792952
275326712
968862283
607569448
934203250
865160916
717151142
305309163
413854371
495955946
202978368
386039329
969284603
257324881
377215338
902378001
998948353
127050744
1353055
977361524
9227465
106347047
425270897
2178309
433494437
1597
842569359
275703119
100357625
4181
534102506
18313959
901474037
338257357
257334113
486560849
582303110
10059738
252225445
604586773
196418
292911733
22745604
275459586
1346269
701408733
825454832
258886918
168113740
853625633
131105991
301466121
279130044
410501333
39088169
789218232
76863090
621715491
151176638
780602522
359401907
398604837
412147772
252828122
475427273
590746102
333697230
21
986879479
89961413
12752111
34
933783681
302277976
2584
603860398
161715243
68412645
377
257321438
83821544
994652541
306836502
267914296
709418059
934928598
135520371
1
130149909
55783390
311294440
613194845
102334155
582023107
823938862
129044492
284669008
610003810
701408733
2
267960672
944719345
524319963
20949224
457677597
668082351
92131367
698286906
942470847
35621523
987
166412181
520474754
95279741
748275581
18753711
407993582
331697805
385956848
208140751
327261536
334898271
10946
673920181
411031526
470069599
532649966
75025
690630459
551019852
671391019
701408733
44189058
610
243677644
574295144
2
610
250306394
233677714
810908946
413365425
79168918
2695593
106309284
407836945
39088169
360324814
298817373
289594705
619805348
291389041
55
843828071
21
919859309
909913634
667727229
614212841
74209968
45016510
10134530
433494437
102759015
325914438
6313124
749235742
476220810
624127477
772531332
273010698
594270252
752199274
929535603
668178367
610
541977647
162176619
891906641
470528232
139404806
1346269
133879560
535528863
701408733
603235278
582862487
715536906
778495732
562117070
10946
852881067
3
583579351
317811
311177133
994010593
159867316
605156318
377
535592768
149229019
556467290
781012762
104313564
649511971
361524907
987444995
668791105
302935591
851562341
39088169
368997053
12494871
271527770
980157665
41492212
795223267
421096698
816569834
734132220
24159414
2178309
891715145
34
57166906
205988696
178634698
801927173
623781889
6765
176847243
376188479
874831953
952969981
785831886
415800796
39088169
785251728
771350668
576114868
478117678
1346269
17711
17633942
612172476
529439085
317811
505441252
158709618
442618452
597430359
577294576
674561811
656318185
658649669
514229
815322756
721331198
523715724
22218331
14976720
753616579
832040
14937117
27319431
34177262
861651013
374233192
286205717
58020654
987
903001053
433494437
617361339
208689561
709646816
367946352
4181
13
872942439
692368489
471774802
2584
268202038
141125728
811682693
789049330
753778971
633157234
700922888
688481879
837480418
39088169
934549144
865169669
228440175
659539660
306313681
196418
5
490792885
13
432220545
920800705
487796465
377522863
645880287
511264811
126572466
840289275
701437390
380353792
498686151
254954750
39088169
781379107
780853933
700041787
317811
834130096
582055169
946619509
68328344
8
34
433494437
378414569
349548232
196418
1597
903277404
968821768
480461698
755215859
461023729
870067823
214071916
779625540
711997243
812692148
633157877
17711
504715620
2584
308763730
514229
854762629
964760566
209823816
735033563
650231223
601484466
471334773
183589680
751305486
322550086
450582420
983644248
293310685
809044636
385795004
18592746
2178309
808058554
5
131425931
320309440
377
433494439
102829657
130583149
18642794
569523187
268399397
144502332
192939498
546396525
255936404
872573237
6765
14930352
196965825
905845247
182903088
89
413135614
7060157
363055469
104261222
8
5702887
34
3
844811482
189304636
126686526
188075365
67714010
36271922
767565246
591862186
252837155
257165389
233812374
196454873
420780831
145886187
493752024
3921375
622054892
982499953
870791871
206438337
732297911
706862939
45830866
399582147
404965801
627589760
913131149
589668986
257503195
643789252
295029559
581783934
529681559
786342435
797526534
761777500
429195529
196418
433494437
3074326
52458475
866846888
978201742
489406620
267915893
816155873
610038346
681764905
761095371
215652556
441214256
95001181
874061384
659660517
407918630
68666332
626802999
18573156
121393
535541442
342028304
70605235
8
487953232
75025
1346269
502437327
592312148
652227519
616685984
789469828
886081417
740595275
11933
221815177
24157817
267914351
289345841
123873390
31298982
143780069
420234271
636193068
725567173
804093725
162769648
942452226
544712899
595995512
186694410
658136264
570748974
186374138
3524578
