3808
399860637
39093337
5
570479330
2178309
982397692
29576427
333791802
453444494
474402771
309443870
796866487
490542953
820091317
976643596
237702186
46563122
900826816
206167789
35569770
1
238177623
207486026
690307284
832040
28657
3524578
698919054
158387151
491898628
22123260
504624822
863193800
850239006
4181
451927779
487709030
75258
165580141
666764378
615156353
104512844
277318833
501233734
364187085
116029197
144
46368
719799187
784836558
893177184
412901010
697431741
831827862
917538947
9622857
5
433494450
39088169
20258155
27022762
336424933
134248757
443189031
362826191
167281907
3
419926653
445715549
831331038
826430307
790385395
4181
161409238
698569000
334897769
2584
980803532
74288398
2178309
922645196
677455499
422617691
554179265
6765
357218293
386515265
750188693
3524578
3524578
910796178
368013146
566931171
205872634
188195791
102334155
701408733
189314541
693291483
954024445
954378507
822482163
613473588
347315400
812868064
671435416
321071609
535071035
3524578
58004555
462045464
77785993
3
573323752
841831143
316787677
865319392
454267423
810505203
583276175
519625553
606446625
853821579
752186912
375309644
202049061
243015226
727897511
2584
196418
260256072
697819052
599206326
385672927
3524578
692037273
128578846
86434475
356763213
701408733
196418
923744685
752322090
10946
547125811
492977363
690231998
505112921
392892996
926389375
231716974
772634273
1346271
984792439
433494437
624823134
354297099
654529513
585765444
889230215
348538855
637356664
1346269
999413537
65659533
247613723
489495923
14930352
310157695
906296096
582297519
528559722
599074578
694271404
514229
233
696423328
566424631
210549117
196418
14930352
157686300
267914296
810775847
868045204
235001517
514229
732309966
165580141
701408733
44455682
702254224
888885127
17711
556303532
56267835
1914766
753146547
370700994
117907478
537128547
983634945
618911980
839025235
1553428
560597
204379209
2584
273006127
748227777
426489777
423061953
90171708
165580141
2178309
849703145
849124434
818039813
457028509
158743365
424711176
415632497
5749258
362408977
9227465
102334155
831511445
505097605
294421299
685140759
3
915344796
142758675
506314554
867281133
700797378
283482619
361232592
75025
1
13
825526881
21
894983024
621976178
874580041
708388571
787521788
24157817
644980001
397981784
55
539889435
805607250
317811
219700703
102334155
434488748
207794984
169991407
267368203
325818771
317811
899256237
95718494
498858823
102334155
320423026
55
434877542
404419602
555517357
101803512
558328319
707599149
884467710
46368
75025
856990342
701408733
438330485
3524667
8
482323990
284069942
609160911
861899310
171682330
1
1
932338759
65914896
987
702658310
985350006
256172168
832040
1346269
196418
880159331
110313906
377451531
622837617
435328404
73033802
476677850
369643557
445622078
600302617
96580700
439615281
165580141
198732938
991292412
826920579
317811
72168184
228061548
63245986
658223077
345808453
2178309
14976796
773444269
200965368
744215691
947608338
995029711
240016206
225303116
661776195
590960781
225173232
422306622
491310450
265766201
95240029
392244479
178870546
536495800
250523640
827871305
308695648
233
705257192
973723052
514229
253874128
987
354173877
613216649
640937766
606629776
850593409
233
228948507
83045458
305932064
75025
722006940
128248157
522013114
514229
421862291
708283669
852483291
121393
605362360
165580141
901689463
5
199101812
455938436
885693988
15309555
233
765168948
2178309
652894674
124887172
88647035
387742369
248209758
474265456
28657
202734691
686387948
685372889
403073168
24157817
884553505
285185652
786270762
705498144
610
333751438
702991181
3524578
36635746
31131064
405843031
11542408
438925235
377
362968729
820819766
825590864
1
657502375
481825000
642686345
161943026
891446576
267914296
181878750
399763800
95495823
266508424
151546976
439264197
337314801
478927633
196418
75025
386329579
793032486
477709807
764059446
333401306
197648787
276997489
600555058
754534985
624927673
684757896
675450922
30533199
343702431
347895401
552212495
912027105
178583846
727132885
144
258193548
979625102
180650822
509154182
490446047
898956575
467628987
1597
1597
272086008
632977298
146710796
62308581
846158297
235248858
888207493
1597
260172906
158730730
564176237
1597
55
867575342
870808064
257382949
614092691
88358116
701408733
196418
952515144
503575472
431153507
168976910
587869022
721024025
397320736
298325131
594602411
48800952
610
954127464
247211538
662386325
450210909
225829802
978096974
700286220
58349806
181964981
439204123
443714311
676762099
221891878
284196411
2178542
427407129
473764071
24157817
28890
862451407
181926871
869303806
790285261
128756264
281714702
17711
661437776
352728866
2357765
434991946
852929415
103170376
302046601
317419839
270637510
24157817
2584
900716260
204106436
977278389
2584
647399781
715860405
144
762622027
734057821
829236348
883167041
272860245
18460992
423238382
24157817
697085982
435416017
500904191
518656994
557114520
701408733
5
77525280
195830163
203047014
724502100
626269716
267028879
95777131
315651410
877676711
632097290
8
225337131
333123521
838998674
758693220
21
463826166
21
1
613243844
47618004
102334155
17711
21520500
958854095
272556709
645172949
122814006
288202553
242713984
516913911
2584
875475266
698217234
640677160
11396870
215595263
793083170
121770
759448352
805570323
519238942
905876174
587840070
67743384
155015718
299973648
193974835
924160830
333546630
39088169
24157817
502086115
571884414
58851290
419969041
361200466
281785575
655254362
947137513
738074885
388162376
832040
287147596
158953516
12488570
989674472
884656160
259739735
437844533
4469479
750979682
96509773
346352579
929005773
832040
5
272571793
855588298
830731507
558198879
122185923
177522308
876609771
716688690
3524578
21
800872068
17711
720230819
613
580353316
590589394
357994666
567724381
544700217
589301843
274972153
604096194
362085032
28657
2584
110014063
31732959
9227465
905754482
648295593
216067805
830179151
810696456
114927040
175381804
13
296257302
145875901
402709183
514087475
130521002
297746004
395497372
948583419
21
243812144
937847839
34
66227118
28576861
260617494
701408733
144922744
734226141
830061392
451712478
239755505
821897296
212600133
457445824
14930729
940215218
301387720
9227465
254637625
441280129
996346011
839911204
211837434
4870847
610
1346269
323326931
923500278
173413132
980253584
701408733
936677366
49093354
24157817
3524578
724242271
832040
144
894860125
271489228
431141227
317811
13
514229
641345958
426818437
393685909
484523477
705244341
560553263
382639829
259771106
840024702
297677796
860985438
1
64178944
495681059
684868805
656039171
233766773
669514273
445104424
278960942
377
1346269
8
456586660
334344185
860573654
98894596
465293727
140840841
714247145
157170348
848408246
670900046
9227465
450268869
144
802524222
581101344
3
874320506
21
818026569
933992828
5
757504370
786779350
767317366
89
806632434
250465143
597756437
658018360
710636198
317811
408013545
332038196
173332022
299560797
918757518
353066193
849697916
19245383
596457588
24157817
233
180472908
311105611
168493906
879382881
218209433
826118542
10946
5
173452351
570572282
924141829
721956388
921022596
27012557
538546410
441731560
450590999
21
3524578
55
11180
1597
535061306
178073271
969071943
884350853
938044831
114756895
424659005
186375975
964909447
488139314
63245986
987
919840254
209802260
3524578
832040
535986864
689700907
656870687
761477564
7373377
66959363
233
809989368
5702887
270717527
3
849338741
514229
34
799612528
399128776
594624050
192801247
310788255
827278309
511295058
579922984
770208484
897335832
523637042
34679068
701937587
863579416
44339799
3
560546085
466395892
480765483
777516996
817321569
18454931
888943034
805418739
719909733
261759381
334212881
211899205
337644447
608654734
234493632
671297359
461898521
335244872
3
241771688
454923658
184470005
630557325
814376749
914600274
445863214
165597852
3524578
368572587
1597
21
76188959
121393
918518205
568242529
904458464
534655826
296456121
41775048
994690339
2
605404239
39088169
274507417
562549964
854113655
314663967
835902363
451582646
194675556
43226315
28657
828354766
3524578
121393
10946
324405427
514229
189671155
128182042
95169783
328366795
851183934
754318048
75025
591168151
534568586
39088169
165580141
6765
901574460
583867918
667876911
951145692
63728912
259537615
745151743
467325017
352814680
89
20760461
2178309
73671949
870900549
929293123
701408733
736524987
253619512
121393
643555628
381554310
24157817
858817944
242731348
578091386
663849813
5702887
593467360
850541195
96659441
689422356
144995225
1597
116388050
350419424
9227698
441818605
46368
608210528
177500714
694476938
341163657
865289090
233224024
704449774
2178309
610
544751764
471130227
102334155
484278938
294529521
626407324
782301984
635293400
374440402
694876906
345040841
644131336
24157817
420333693
660843537
144429466
328487757
540809632
736341460
876204044
898241185
100041975
262387868
267914296
24157817
1
189200986
445769747
123895736
6765
902017914
336245389
94828055
789547595
211402615
81807429
5702887
562951753
359782932
55
489067898
468707047
609607131
121393
625655515
259050949
433494437
854631460
701408733
333655488
941527672
317811
54023527
787129126
679293730
1597
13
2178309
37601213
633142324
75025
8622520
34
961365457
823517728
619396034
919456772
915046813
956138794
325329305
462124114
544153837
840107377
701408733
6967303
834073980
507050243
211777588
709933047
609333844
452459491
437319131
71439317
13
709071504
690776194
996646694
24158230
263637925
233
2
346668431
75025
881650770
785777729
359502629
722476385
946488839
773100304
694446354
377
971449246
551835149
17711
598753847
275299641
586945131
2178309
963826484
24157817
67797881
23536256
10946
939671734
86982568
22234520
196418
657645806
708778197
222289954
882496864
164794487
947292001
121523592
701408733
393966320
1446285
917438063
300781247
250361727
347363330
646707954
409953062
5702887
35641549
748086829
862238150
514229
655024810
36442929
1350450
650435069
189117917
127459103
89
387832644
793164035
881956252
974060085
14930352
192875061
646686558
344010265
734454331
299561132
105669067
400006116
580342950
258468494
972572133
892371207
285109482
832043
745142567
683140123
21
698402669
834403958
666417511
54936578
693147601
269084185
258709368
666013698
430525213
317811
265451150
772033546
295503755
344792631
783131710
690291802
184973067
514462
2
171364398
484242096
683582608
918442947
55
24157817
50286459
176213014
768857903
231826679
28657
3
141444890
1
2178309
256996177
357284237
496458281
102334155
825757820
54768502
584672108
604929208
709269024
324219623
386070239
428472616
81445750
274674411
846108240
21
669039424
549466014
267914298
401661294
17711
96106126
896308822
610557917
762446554
460566706
362125696
409557663
377
525127401
996560826
894854913
1175621
929985176
602479718
591857738
704627387
614190815
561927846
453783720
555274410
211790147
7877605
16579319
433494437
79954600
2584
55637521
980611602
298069896
363022792
959320258
26656376
299940032
286228162
350757705
1347908
198387640
901402620
681630176
8666928
380905483
716027515
123764093
568163511
282610124
179378153
24157817
632136338
179928227
671004660
882672574
468350455
67530526
203183
696209131
834344652
884356702
339208920
93599074
517089934
867995102
413239348
506761681
701408733
963337778
75025
1
154071989
466589444
329973951
356805494
165582725
832048
161172167
609119496
13
445072827
110726489
943653975
461378036
213922967
645899084
204127701
726289310
937920762
722397268
6765
403308415
495393729
554090728
1597
772666607
116133796
962232795
514229
563524868
479401801
333940156
393934344
454102350
754049729
221317591
17478372
2584
249908566
50850347
934679677
666108884
43594217
880624318
2
869379291
895889567
422796824
204277188
458196908
495959018
815563844
46368
301311939
735746637
274059617
500470635
146280196
529727817
46368
63245986
334769334
739927424
708482833
959385946
433494437
524202089
261815078
12457938
109431021
286770847
34
4969591
943732955
117464178
980168422
302787324
477408136
203399844
523945296
290463297
701098251
635104282
542149002
132314143
952186290
3524578
975486568
531833314
1597
345787364
739635773
110375120
242377745
21
766400306
34
14930352
242779233
798068893
2
791652529
5
46368
20791590
463930124
323228368
34
514229
172189834
567714349
548800001
577198721
204686055
548135698
144
340710833
464626922
102334244
13
892713113
970616163
105770286
5138252
926857892
63245986
301761778
27948021
322505406
969342907
654771027
257458153
536024949
6020698
638520925
225377712
469513125
601178261
102334155
826963647
794169304
876267475
252035325
731911276
699603659
514229
313009217
588902648
465945622
144
925518161
58224281
279482978
997277817
545001319
235205372
324028848
439903884
789776150
578762091
144
17711
144
39088169
39088169
2
139932476
2584
53651383
779864280
845663132
39691578
514229
289920302
184580860
346575205
46368
170010546
405132138
266236968
387922600
2584
989666685
698734939
303579493
864327462
83676889
930424678
76077343
89377068
227584803
197892534
737853904
3524578
555283395
702071892
449666848
5702887
660122882
62818516
347658104
2178309
187449347
569181558
587189613
256259151
444270201
954480175
165580141
111033149
223638536
166434797
667915008
451107873
673495677
310845454
936583442
491781786
960833838
39088169
24475629
317670788
166501162
21
878107607
125196626
71204664
39088169
864798449
46368
21870026
133280556
171999500
121393
904878325
211760918
2584
47784238
34
433494437
782121694
14332425
775830270
2
740385834
34
749951102
265570395
840623662
433494437
657178445
296573507
63245986
767350269
165580141
9227465
564625122
697754492
609652058
163356732
165580141
700818512
30902653
858959587
507270995
102218502
545759266
142543575
832040
977272149
8
487211105
59257608
446907681
8
344464767
160458539
648570100
140282350
263028566
1
249455195
874699948
233
156197642
788738904
671807498
969766680
155680420
216082970
893542260
12016544
653817203
896803673
740635033
505061226
701408733
604502794
676847768
429760890
65102921
624060562
405970698
348071012
341734456
5
174768247
941146124
55
543372118
317811
388147498
8
47420930
481147538
16286651
733244242
5702887
498424661
383336741
55018657
196418
508738617
485978065
8
671280670
784269600
716872811
24157817
472875278
323232991
507184171
964755822
988106674
5
196418
114810824
75025
2
332949059
688939430
651038333
886480959
594837671
83476120
538636449
2006299
962783538
992229053
338850557
141506510
616999009
165580141
28657
436710774
896926243
539244981
165580141
650512354
246059963
478700203
839493513
182786387
775238333
988121818
10946
313301607
307656246
539839148
963766507
373314786
130697690
939370184
394884748
590791302
55681950
753345971
735140168
78037615
5
987
699366619
173439951
601600929
491505703
956648501
332845432
199872735
763806800
323559456
643437811
358105785
1597
828653363
13
98034470
953573246
40398305
99518215
440289482
797223054
423292247
896022413
148325747
922888043
387291899
10946
53834032
127791182
159406821
6765
100592276
165580141
938255319
180510493
10946
20919436
836560281
847431483
377
338241873
121393
608949565
753389358
180854912
636364382
495264112
740001827
452745660
188803646
21637795
982298465
937115642
619642176
572908559
708103901
488827997
1597
179750453
35816731
2178309
250883646
130856054
661709153
887610856
24157817
124796405
285877218
942050289
707490828
62322277
563289862
17711
267914296
1346269
363514409
443756034
230503864
39169764
2
199065738
926106843
493733683
805080448
899290788
727045435
705623090
63245986
830486927
756468291
703212077
63245986
895308354
600384237
2178309
664732836
579598048
13016245
254171008
165634789
179336800
6732696
663495473
670112297
832040
281135586
391681395
745051031
965482029
878822247
3524578
182537602
180221478
382912888
450189200
385943763
21
672230898
367328931
329013567
257959968
217786349
426048978
518429259
855374493
528737841
195790248
89
69004178
399968365
921696768
855037784
330686425
187743899
317811
941241674
549716102
266487532
471564117
1597
581349491
2584
121393
49822201
5702887
983149121
750344086
144866345
830638023
605762109
907073
939313543
644226727
762193572
267914296
948423771
592563733
7466002
723702291
89
255444296
273423578
649570127
76627310
280588877
762849972
849991834
229479667
555219128
412288707
570509840
296321735
706309150
3
656738196
352285492
165580141
121393
3
342020865
375112978
364639201
433494437
357890235
405858086
255730365
828884533
103415405
118991463
853861939
994416587
159319735
804846685
148749729
144264581
420604271
693986547
2
997914867
112558958
156279984
197089395
701408733
649445256
75025
433494437
3524578
838194290
786748832
987
436016242
701408733
707111620
780336275
85818426
514229
996975421
265909051
970152764
17711
621157320
749033808
923215115
276191010
701408733
3298993
985786003
184534984
3524578
569311765
393979147
24157817
24157817
104095339
116718344
674506277
14930352
121393
15151918
657604987
692815317
584790236
24157817
17711
13082269
425568322
467500977
836221
3526175
241985863
112736845
701408733
180508658
655474516
77622
24157817
414469125
790829897
435819733
121393
455258650
566554312
178500427
346931426
10946
861867961
612777242
19305176
524080949
10946
506510484
317811
129225355
16784137
103435858
506127024
75779498
34
570576425
89
758798349
405301916
227806794
551076186
628507092
180002652
629767507
244157972
317811
233
209756608
778889670
4181
828736304
523976315
716866175
573265140
121056168
894783043
291661045
19479936
17711
34
263648346
881888671
13689981
865128462
603811459
232751186
399847967
132649860
230756881
211890951
895959191
421483771
492008107
72443682
843512700
740453401
854102933
13
481250501
932470959
125416914
231581697
3
4913901
741496406
585986822
122990
874826269
871916068
428498338
611252253
477911490
953436922
595260007
832040
33245073
459484563
366101318
332304045
37770470
434246913
448612373
398253830
814318885
758450232
693081708
898039498
233680398
128938914
234414238
288899200
499609825
203043219
963538194
303555757
249995670
349093684
541061566
675803152
349254883
86228661
844112645
592696826
991443819
987073245
63247638
701408733
73108180
786429277
588627568
253486839
981942426
940128675
69579579
520328083
121393
538814854
92879939
480622148
601064966
585421962
196418
950350789
28657
134525437
635066247
956496383
558597124
727337761
189724672
64587282
690773375
24279210
593622046
284344845
676959849
561416069
4292290
200409529
325111694
446375836
925705343
235130146
9227465
386496208
934172011
41973860
149876836
61374388
78546269
907756127
546546976
720792467
17711
17711
474724546
401688246
579815050
624896099
374481238
968391953
221482771
422707493
996088678
780027084
415475439
655010316
59456622
1597
716867812
832040
377
1346290
5
157312496
701408733
564490301
559805803
282116265
576415047
376736425
396739261
180644645
75025
461826945
165580141
683023932
312777507
785508891
879680451
672971679
33407571
75025
132592269
137510270
418666314
914279110
229142764
54226681
987659732
64411622
2178309
683169490
440441035
71182525
196418
758439324
989660046
229844512
610
514229
165776564
410593459
317813
119332808
469736207
580214416
551976998
2
93120186
429554592
716034780
996724125
13
911572922
8
562462989
2584
627383675
24475631
987
429664560
949939687
791810315
926864688
127943990
646597631
36241147
871120639
798133504
819090613
121393
527601546
710652
536410098
2178343
954825421
63245986
121393
870207844
112665144
891957315
851114657
40795532
87938465
277207448
970060486
761897624
859027665
743977966
497137650
444891610
883607037
21
986118808
144
381937261
426600751
309250198
675813826
501158571
832877955
82091270
511499222
846305865
857434018
24157817
595694402
514229
8
182112758
757589600
46368
693178953
598335599
301334799
118177161
548976431
452839417
240860861
267914296
9227465
631420690
3524578
165580141
89
610
470099661
161253237
329243372
350252376
375560370
152962910
227365295
294109085
940438866
84428796
643680034
39209598
880505332
3524578
991920057
185523198
52369925
39088169
3
519891183
151094302
49230718
963333108
629049251
326498887
102409280
345210192
233
301582006
395726630
319351815
716177415
14930352
63245986
96538284
74244545
66795600
791713824
24852257
961140326
24157820
371924337
79697102
477263143
284061154
88112474
1597
89
913649972
551144751
338869862
799615404
671818815
1597
476081097
448944506
432392970
1346269
923221141
941038762
825053609
693222994
2626680
792421821
888105527
261084668
34441409
379685005
378476320
102991241
254844926
303948567
930348545
535065720
245482778
414776140
10946
983324083
238079093
712256542
92626831
579646921
317811
24157817
8
257288937
367484534
699069061
682290844
612878635
987
514177991
796527143
790386086
919435828
676810724
490092528
986333027
359948778
28657
530313917
1346269
565506300
649223676
24158050
869876454
144
21
825833792
63292731
1346358
324572380
278844834
391703243
433494437
514404469
348703257
559952976
497889877
206452422
705289116
325405495
102334155
267741005
201362004
121393
402962149
978810328
28548803
831707226
350241631
15875573
2584
975117470
512818734
906119724
183588722
875475933
844113035
121393
177720457
409116756
617301254
4181
58737698
617426387
267932007
8
869778426
210336830
789516760
113745890
26108713
75025
8824607
498995267
808612786
389241610
30048715
21
9227467
94011167
75025
473032310
5
1346269
21
34
222662361
121393
5777920
1
57960803
794450875
868229594
827475199
207157947
830509389
629486287
641861954
46368
702063156
6807984
671539861
887359720
686814058
247621729
992458962
310460179
623045790
680450816
996453901
299226196
486329604
852114903
267914296
944580339
325717332
353429715
347780892
940753085
377
301476112
21
451555130
187871238
84821093
183894766
17711
701408733
2584
17711
2178309
415074965
3194
394962073
1
416069145
545623315
582676597
744160035
57265710
897342234
151028565
512936558
161510731
883731525
582361842
89
895204706
806631648
240452502
29681412
343266102
816222942
613776222
36047580
572856060
377
451976016
751738909
433494437
231178872
1346269
799861909
5
926803448
197638
372193245
798643813
721023286
368400613
930290131
995035819
191501730
514229
709922914
720019836
775111339
308099700
37033974
709179849
118007726
571531122
500460017
102334155
621179578
388098349
707117921
631798362
379229613
906796055
218233911
55
454604453
302608502
172615837
452430046
196418
959594439
788991643
1346269
389638598
85514600
317811
294881183
239877465
408891047
3
21
234686678
951006529
500904542
958788191
185694434
249740734
537587964
402155105
320416640
961563250
613084441
966981902
92944468
102334155
585786184
843373526
725119533
824034461
2178309
732514605
887839598
261907869
250211689
317811
28657
414219304
894672864
584983746
746595174
165580141
580510386
1597
144
289286005
439795375
956993299
251811599
239480948
954742495
648898889
103988491
5702887
89
28657
55
283683650
710376437
90393350
989249488
654805670
621546835
715409677
14930352
214416046
209192917
105088974
396756497
373545068
350042632
457547006
689120569
660261731
160559836
29773226
963153187
51503511
915396899
165580141
399959511
467559674
635622
107789892
2224677
2178309
809155205
773439493
578904562
383658170
258288182
890528603
508706871
609730765
336809412
174958756
27174472
187041700
6765
744040449
669534848
869580635
74882786
725768763
660577292
1
153904372
992196926
530100266
319240839
341196237
159883164
494081639
946149792
275357511
980366160
144664569
165776559
544158815
9227465
259955625
810141454
644399356
317811
3524578
46368
67078084
97231008
674928277
643201701
383537524
31038580
148368728
765801807
424190713
456653985
959258567
701408733
529173891
734900843
573828021
948620961
534469364
912099522
310109570
105072749
693934479
960594106
457601377
112034459
244869427
840599722
433494437
530984646
240372941
34
141429091
941636894
8
39088169
450131791
938836622
11960739
667384012
3
854428504
931925669
944209067
953254694
612323330
506731443
797949154
2584
552769871
715568348
315995029
349157275
10946
928598617
447223401
272270914
607053073
788890834
9227465
89
999672096
554963952
754613079
489947995
515648020
97728322
46745
968050305
956846936
136244781
197648756
121393
126522268
46368
651052256
926880733
610
75025
929253123
585148250
235939156
976921511
4181
39088169
589129165
652307812
892236449
406143191
792220427
774077780
344239406
23796754
534967695
55
892041846
218409179
815703651
729719772
549576018
670845246
517508641
887624216
494638347
39490347
165580141
425538598
860116889
255036451
403992478
81665829
324494168
344971471
801898877
99189565
514229
4181
559501938
1
672791590
987894297
896320776
778512965
263081159
491396672
46368
731125371
196418
640668434
506841665
814068462
987
514276201
207959239
833121252
303619476
754070541
127331092
610
888888327
60473586
162304282
213319866
46368
577283706
982324486
436243908
501764221
670516268
657232062
642183201
514229
533333731
392183898
683590745
14930352
128901518
650305824
909097163
21
9227466
68372039
423121846
837839470
970812809
575830883
832040
333384382
806823016
130586597
888348490
870640322
754492120
68179503
196418
657741719
630410795
10946
875260283
928284488
144
169305403
663944202
327842814
7883780
592237430
34
703227471
716775174
731825529
923724484
256771999
265446964
783473228
891109639
699162564
430757985
35065211
4181
410763447
159203109
1597
46368
267914296
51236592
315194912
39088169
81182285
8
855072861
816352531
574123043
960548063
744894963
538289979
161908523
21894
511557069
540400447
533982872
629199576
358886997
915750155
863365793
516120163
5702887
798732171
260173691
274211908
701408733
4181
962112003
697295084
317811
549083099
483204092
537006020
551498659
381853332
773157589
820348182
17711
1
701484368
433494437
409271062
79264069
12860184
120054536
558965240
469089503
399582544
170929399
459785389
832450648
347406978
760823200
5820661
718944365
869087525
108037042
263674695
798407286
10946
388950299
835313417
391058623
121393
674943179
484692964
774069961
63245986
657526073
129163390
46601
623115320
21
3
2178309
520209187
660024296
902971254
3
1
692863999
228591434
221194492
69869499
721890978
194182523
737369362
1597
739193752
349316241
700098579
965261763
798448592
840501369
194255114
476611541
769157484
51555189
493585253
159020281
610
6765
57311668
196418
583843972
464924313
1597
467707509
733574972
39088169
972388106
649530037
70654250
95642019
606155185
315931775
433494437
985411566
420720541
346399933
142078066
792590265
314978400
683846008
861420348
865386594
377
945252921
77858109
848608142
196418
267914296
25337123
548847429
317811
395723506
69266739
730649851
658035761
39713166
47599463
177001632
5702887
443686917
3
177979
419468672
8
898928241
888682873
347842441
743391142
6765
2
356886107
166412181
701408733
723724803
247054689
756117137
253015609
793140839
320916557
1597
331160287
893497056
519090306
720275072
554596925
393518349
17711
121393
629545209
455223187
868406530
436005947
63245986
638128989
728745871
58115439
986215302
165580141
317811
784649844
10549964
442723945
17711
862851911
952784785
146182169
673817215
739569547
598552832
658024879
690379186
201216583
935640473
819457396
806369734
306066371
45015329
897833533
352328192
75046
63245986
5702887
8
997250131
1
938327192
46368
253339110
798148375
955069187
839205133
60648726
34
393712583
145190410
735326840
968414597
8375
766861896
399035423
684036990
680294776
647809627
507806537
435040035
14930352
96403834
555857735
24157817
636458337
75025
297105834
165580141
806021447
417179888
233
962336901
690448408
633233511
518372183
846235883
989946286
581537009
437709707
906509748
779168375
268632352
648069804
20441385
741779392
614035983
466346663
514746240
85228953
571805763
911123111
470741245
229070208
433494437
102334155
491150698
5702887
845981153
1
28657
1346269
147717999
761748177
6765
764789894
727043004
334405252
795011589
476126123
448806853
219036276
1
29928785
298572196
59064602
540207490
36502917
857485574
926080424
895543404
169146616
55
610
274143227
409110094
470509226
650249080
17711
925180943
544151842
600381203
1346269
904480847
136305224
762320318
205557244
24157817
817313538
2178309
267914296
546412468
927432038
1346269
229947582
501177193
582462646
232827971
510987090
165580141
99719812
472187342
610
702475706
598937730
21
34
126485184
82494259
884062575
13
116453919
568513073
734698545
306059391
477246786
34977566
562246691
256291732
89
75025
1
334509082
610
903798104
988125000
535253875
709109138
466801645
515302977
277547520
798926627
497566858
960553344
514229
536186036
304957437
725038688
52225897
563554061
589640698
114561178
34
482191796
433494437
9346300
508207136
21
130857799
3536888
226718006
166118474
17567988
861435883
634825419
75025
946025328
137182606
309341477
761254218
315776993
506357372
957159348
388963939
852328826
551202412
102351866
34
376529698
144
144
952016033
410732544
188449008
10946
4181
121393
40263066
514229
24157817
954344358
987
773623316
256343243
10967
552198590
547392240
2584
951001441
287259197
869937085
39088169
433494437
448031534
609162606
755044936
996405847
119841961
832095
31454158
21
2
635979589
318500710
753516426
330996380
832040
107804678
21
997345597
145966073
577466695
165580141
943135742
878688143
84042652
856639727
233
252211918
313181388
719953643
317811
245979452
13
316206277
881275421
596707196
108660307
46368
616848807
267914296
613153053
2584
491842608
733492736
832040
920555091
283112205
544126317
232012519
394466752
510843954
241827303
293570140
895789677
710764095
162492015
676087810
247796078
34
10946
987
267914296
153385323
786824475
1346269
313849014
947908720
451781586
11407371
579356766
264531255
952235232
241146800
354711256
775588689
165692094
146621002
986020983
500569567
724366269
198867962
89
337415598
580222218
699048974
213288523
91521110
963863037
121393
414905058
741184365
165580141
882943671
387385195
46368
5702887
107347752
55
946420117
5
2178309
921370701
226782904
818997183
750845518
714273566
557844887
763300021
13899298
212222615
8
587643354
325567817
3524591
233
719683654
89
226679079
647493967
990606679
573852959
860310823
1
602924891
809043613
464568895
639450350
89
666883748
414467732
34626532
66309853
124154982
432129725
544537110
3
257841335
707112612
799810236
367372452
213399353
443742649
514229
958931916
2
464419488
8
832615450
870198879
766520344
993229292
370448206
254049314
476605505
773340831
742561679
404158404
871568754
169796312
349200422
987
511237281
416183369
46368
378724596
804378341
682388056
769562890
743479443
984238594
6024718
227048942
79140533
786487342
377
949177968
996221281
17711
606933786
146657273
880426199
701408733
209341562
17745
267914296
4181
297883571
441946558
14930352
736351473
42841914
987
503280836
466535943
469653028
762590449
731214040
763980177
429553290
51881848
345106542
165580141
105915017
513373085
323663064
671079923
585619457
391118753
701408733
14930352
155046374
441561735
270236004
317811
371334040
267105269
471628956
146812905
5702887
201794759
310505373
620726272
783215979
923220860
383635877
966715042
144
1346269
413113154
398406280
10946
17714
209432729
743640425
600485629
372244742
317580357
624554010
758199540
808076119
537536417
43313568
898338150
13
572966746
582667865
955512908
964013663
75025
207691600
118151528
561550858
869579814
997465848
13
58391721
546894379
84555853
618186721
69636713
704387892
164249205
296837617
317811
460297876
506323931
5702887
977758033
396793006
161878090
831069304
101358878
308182982
350101749
679365640
537321802
215652367
178171372
212154868
980399464
405164537
746447058
144
188909116
746744308
63245986
14930352
431813870
498389595
426088947
229562248
119680248
825965358
759479325
986698674
248397415
1
75025
252498830
1346269
457522537
433494437
498100117
751971289
392176423
317811
499450323
267915283
433494437
770264052
144
303249359
700047041
21
313839419
893553159
317811
2
39088169
638219837
803322106
352808402
144
635787897
610
952218540
5
777385072
994544824
832040
411421866
832040
610397634
866700926
411824990
888218964
958963478
838051788
439197329
648946463
652811759
940611956
942725506
160756163
646320093
33145084
89
528038840
863606983
798636295
39088169
357026377
241505279
5
443670070
14930352
688141746
806716618
402352983
434372845
273551588
691655966
940241367
121427
558392022
315954098
4181
28657
224771460
618050121
102334155
139280793
612086891
233
618426789
2
194112990
247443128
17711
868916379
610
610
5
3524578
763463446
623312298
873146757
896876423
55
415052150
778389953
365677875
676258942
20770106
701408733
625629088
962574214
599250185
613151143
24157817
875320810
23433953
46368
859007684
891849774
924524136
432116528
233
610
898169158
935132789
986710764
413969866
514229
762855039
842645012
2584
844710218
842071468
89
144
735756695
973925436
445295689
248364254
377
258747698
284554547
633411180
804531377
966617679
518268847
553955744
760612529
38969646
918986106
839008955
638460414
298812790
294573153
329685975
131331729
63245986
14930352
275337958
165580141
851911439
832040
597729266
916351257
596231535
963719165
969629201
156491791
299640097
53519812
805256678
201799715
512076612
306460887
895291069
179337905
144
716618840
737834015
964307879
433494437
663596683
177795499
636444358
808813118
543920086
849367133
5781
436675488
976762643
28657
373463012
7004483
741176295
754822702
606985385
332796153
269912252
514229
572611404
2584
829365512
338171252
24164582
444498145
64357740
760905790
233
353500649
987
267914296
334208468
240657924
471919051
9227465
42400073
129372075
977536677
727817394
121393
514229
46368
6765
21
470833632
540000630
6492227
73084564
925561651
5
872138012
14930352
987
209221443
701408733
5
3
805242385
940602099
6765
468799533
8
43366033
196418
505407761
196418
40124865
893384198
504832440
46368
689752624
937159620
319052558
960682689
13
297971948
556656571
210601654
748560892
103516472
421089495
17711
456085968
153422941
160908728
36180895
234161469
956895969
197770273
832040
24157817
10946
521174811
548279829
180750780
678378592
203561460
844365419
233
817003445
830087981
801905729
437315790
891358628
83916675
46368
378539307
307345815
964287765
40863538
403394594
719087239
736000690
509986409
89164523
964445622
168259669
705068613
867872680
2178309
487074737
839789485
654506633
608761922
143748952
298111626
6765
378386714
543812249
344065633
532497610
617434808
291561149
264452967
429591176
2838275
92687537
1346269
21
295454259
