4788
89
166862920
836189561
788142869
988639382
14930352
880276908
183156450
580254920
28657
417357644
532647091
943900627
274658484
856214832
111561620
575213061
15845607
277669982
508686992
280200930
460588468
666982162
377
870380931
543151813
434556973
644837093
925172225
748877009
663220670
764370227
35574367
3
133359695
669233633
284687483
823886912
317103816
546327312
576850505
512195709
273716222
711508238
830822494
42641108
788190793
433494437
513917626
922779306
211286192
252223896
856970713
903823173
2802184
14930352
993230395
54770157
832040
592669644
707429248
342192810
3524578
433494437
290216997
57945293
271989737
96514639
401148776
57335329
266956865
686256369
308587874
24157817
339594122
832040
377
257744106
106108031
426897910
933027457
594635173
517929995
517016856
960678591
433494437
683166208
610674443
969682627
25404904
244212388
837029202
17711
3524578
13
475112524
138711301
102334155
801016627
213101439
307925708
563177708
444083895
122003
202879667
357527738
98178991
730714004
6765
944794674
589760687
348804828
226328292
30502834
747586377
34
422874833
841245954
991438850
582250518
281991533
165580141
682745904
474808246
737398995
535885107
843753767
384082551
554134150
433494437
2584
781832349
77417512
487350729
836823849
63245986
89
317811
240273596
921053266
545655721
769090606
1529573
2584
140772336
240063365
596113318
4181
309308584
413591755
247767852
91269153
21
34
189091274
715086971
213952518
701408733
737571781
267914296
617400092
711199796
233
781229379
514165316
733477486
517523668
1346269
595512236
965536852
75894460
514229
562449327
9227465
2
901738823
121393
275461462
743267468
522078892
88229946
165580141
189938230
302250906
224234829
75025
664892427
58851868
967951915
89
681377042
1346269
909039949
34
772388549
317064979
594616485
158829505
377778944
714601999
853809227
370797071
38751538
506153534
464011316
187206097
756527962
97631597
117718554
991846384
359300469
546768196
568582928
545847482
457954572
828195435
629316253
318719979
46530486
36180802
307983585
17711
453483411
89
203367596
30825507
55
204101961
161096531
1597
581642309
931656380
584778371
813148617
671511867
1597
818127073
492856085
186252184
623135914
251012096
644936388
392836
14930352
10605086
603183853
21
4181
986075712
841771755
242136001
224638991
2584
246973134
10946
492633407
2584
609402452
701409110
202807786
122492808
827002548
672844640
456701543
942891737
820114757
6765
3524578
13
914561643
255878419
572791430
2584
985096700
121393
425474234
848712589
5
766828755
28657
2421737
381779821
386994489
790889095
317811
7238730
966601389
462501114
50981873
687228646
295974578
355774612
77788578
121414
39088169
439311407
24998665
832040
222233822
192479796
75025
50957607
39088169
132130092
102334155
614322100
820595419
820496064
860688288
675833324
347708342
570964140
377
402609989
134478136
211578157
902955239
921208022
528794462
196418
692220144
514229
303410582
106109663
305960251
21
821500908
841138638
231279442
64144067
440082569
4181
2584
280646114
935189148
80056522
821188080
2178309
677031629
832040
34
121393
901136562
24157817
144
3524578
319554342
120917384
293954761
744615820
974815613
4035708
196199678
739272413
63245986
600346107
75006841
55
274733597
39088169
413212881
135708935
79634042
351788436
348714841
1597
47503914
765621505
271091734
48315634
51840800
756588186
24157817
382429118
1597
705622794
610
655352027
9144369
557786275
3524578
561876563
689867820
570704608
1
156333584
175519124
694054194
110562948
207331817
9227465
600789150
162270040
774295723
910974881
14930962
834133034
989988040
130419767
542781814
793694122
354866537
4181
622832861
630565207
1
737652146
2
338969471
823178186
925734137
41416791
1235
5774833
597460211
5702887
912864758
951191621
562157301
471758712
334879017
947056848
947112185
471241705
98582691
114533973
171313814
85272323
5702887
124058020
121393
43010997
369691263
46368
688015865
495145685
288572065
937270475
127505446
1
936085301
194417281
118813390
63245986
841158495
596075603
196418
779342915
594325996
583546497
2
127416518
514445954
440702203
298847747
70002259
729807451
233
431296791
970865813
945595112
75025
315091592
979507718
309043630
506559019
43063387
832040
984521655
721354804
868817321
72872450
6765
568392825
5846
14930352
253750964
625366326
165580141
66657091
708316525
412424435
622283666
572385517
961484379
382287289
531173252
1597
672984072
597225736
75025
228918750
547281166
692439793
439161832
267992308
894109052
6765
940915350
46457
317388756
415213603
205087983
835867088
879185576
722620280
788018828
376771587
316352133
357854424
165932589
17711
932949283
270386689
588979184
7322739
952529628
146183716
399698857
355949251
777851944
775318034
121393
615864770
471213336
67509526
791883401
327799491
55
241885542
433494437
824013253
133273962
680875565
333754097
157383503
47449267
140780211
397727983
151731773
46368
255941012
895401604
680188915
75025
701408733
585779858
821770445
903972275
317975242
233
585764862
40693603
336233682
984460185
433494437
323968507
1346269
706170301
144
447675917
356688166
5
703732884
206119750
90514240
530755698
500700113
317811
161760059
377547211
106595974
815330312
178574874
4266184
34
894339157
13
845501347
783951462
449303559
538340590
544285115
832040
880865791
961610825
214219114
404418766
308484432
502226106
5
75025
420423125
537341618
644329358
9227465
890902425
609782837
995253934
922117405
128044919
10946
171486864
454186196
574566393
8
466638254
895049640
433494437
759413408
397533285
441203029
562315254
71573339
52403368
810482460
837686245
699097996
832040
845987670
787710741
842833641
384730050
728518604
598349989
433494437
801659421
723378512
121393
891423124
864767289
1346358
518471294
434340074
837020344
89
857193522
704414594
561186885
365802667
377
894930934
93177921
6765
210548907
14930352
729629011
2584
372567024
76644411
44806797
373941528
202316374
224804599
39088169
253999740
102334155
832040
3524578
519622544
992641092
368542186
34
433494437
67813705
230711632
884371386
393902649
827226011
708199055
832040
557332979
272797309
712753954
648498606
4181
277286757
824432702
726195548
71453637
144
5525589
525468527
317811
68955456
797601941
226755115
55
659031845
995105770
24157817
654881714
793291061
555998032
152814151
11405918
379164571
231848291
450848908
845766994
2584
448482302
869118083
642459304
960576700
829421903
825009263
72705927
665250482
89
319481575
146785912
21
28657
338463215
641441551
349159685
906198087
971793098
251609661
464401563
76834801
715240566
741609334
205030875
339004430
859257068
261443660
202430396
308158983
588067580
765088891
57102864
466777837
784160960
394791222
879545283
750042000
28657
102334155
165580141
224083399
70179050
182462176
6765
365221706
330388189
412076791
839624907
333307353
208041637
727955833
916896020
342696459
2584
361426423
773097432
712859206
828085143
464135599
3034571
366209334
399025663
669858263
677486393
579906971
776807693
813172263
737249516
243448357
343982824
920984681
744561834
304471388
701641467
701408733
833637
657995391
75025
78374130
517029931
41297121
17711
329155654
789660611
23434523
794045607
15462295
437246607
133988907
115868823
257914582
165890911
830366243
114682923
805200419
335646625
748738841
89
107832975
2178309
736733043
193502784
506521074
461735605
131053735
791472439
138698098
176875755
930249986
671747646
495403143
433690855
837358486
960573376
342265112
227752644
895169192
480145317
13
515254608
376287422
666791144
519799342
501213765
319729996
733550013
524997312
848071864
241055074
129633388
165522177
652016151
769148551
521218785
912970071
820339675
3524578
39088169
494138830
647391314
383732888
987
845292970
496453517
445568281
709603930
412966406
144
24157817
554634
921356057
8
317811
774156587
247342193
407079142
821185460
1597
413191360
938704517
346339508
7431976
994100074
190089285
118289259
617037795
160047000
469702153
728178358
699584273
841529810
1597
778632593
903945346
994602207
898525735
3
251135495
113622102
773299577
867125514
729242470
305342727
6765
283214267
39088779
85641848
158514051
824474772
460629263
34
897211639
46368
98474526
51174534
856827635
385420030
723059260
513997355
389808269
911371712
889113893
371331805
3524578
267914296
609953668
855689215
998805187
2587
601824430
816857304
836928622
24157817
610
146394511
586378282
9578784
536147285
811397472
993884890
828533287
54323052
742128560
641842917
754692955
896437835
750170066
319198465
553124711
495771209
2
602651055
743093461
334010168
141860929
3
895196436
218361979
2
687244041
28657
63245986
551073315
793885053
762301503
583499732
332606938
281419232
75569806
5702887
9227465
139912311
408574606
635634684
28657
5702887
772631014
464166157
154274578
732733457
844048060
482715072
151248651
424733721
448462600
831061755
890766038
13
146815597
4181
37288749
8
136220926
462467591
507935737
437787116
875685240
238587088
879266319
216938414
377
89
13
306300566
655921696
102334160
25432068
267914296
949091272
182756230
4181
75888767
884191865
66459183
2706920
742161145
529750609
617491347
102652364
151188887
2
876800924
698941824
36791983
276567901
3524578
643438028
508989369
576756499
184695324
266246562
955967599
269466163
543889125
649380700
156291410
452860627
665759696
970110340
167073788
1
966645528
824819999
353579222
265831922
982722105
935708409
748414844
647338398
192280532
358248004
765540634
856979225
295890039
3
593106165
549460845
202403301
656474326
102334155
808325628
75028
227203707
216282924
5
848731498
981571549
701408733
365877407
701408733
834241443
418287022
186887063
55
696472045
987
226444067
175225548
331256714
404790304
144
328397786
196427812
533223530
764184111
572173872
321878462
445475481
556984040
405657682
832040
601738280
137265417
267914296
356869752
604831562
941865008
736266687
423031117
807679225
776049326
987
601851163
356226720
249197312
426911082
135171911
432107666
681242482
75025
985491977
384136930
591813167
39088169
342745329
902230924
9227465
79759716
731641768
2
75025
165580141
836296810
495214086
968187593
13051708
351739519
987960186
394699406
610
317639426
233
1346269
377
91923217
963051506
903356605
3524578
802198208
178864144
255091376
989077184
519274792
97547693
399030988
760831967
460096765
99479026
834010420
311579361
967194057
14930353
692613675
236440131
435560607
268428525
498344630
702624591
89
235116362
177147720
959472290
680106106
996616018
114224612
225981903
233
52611192
416584124
412967564
832138637
55
514435701
27547922
252313377
562926341
862562538
917943404
538267068
5702887
32029334
472307635
559987246
24157817
843644668
869212057
394265083
610
848049809
855720694
602414750
328901
17711
227032329
791142176
563843718
444330682
75148
8
317811
434465883
565049965
75353790
498200310
656344455
61692685
24157817
926000234
639104686
447259696
817449700
198519793
165814681
614366894
59521961
701408733
121393
360197489
514229
17711
608217159
97142074
433682843
96239813
284616964
101406798
611985433
13
942792005
440488218
92759730
2584
72881151
121749705
2440112
4753174
21
626275541
348074648
121393
24157817
889111339
482389826
253685055
917783418
817409413
8
399662329
128047310
263653591
931972171
3
12116398
465575089
375057941
5
800472754
949418134
24673643
279184784
728210489
161574450
128191699
940124664
1597
433494437
633895166
75025
3
14930352
828205677
306150553
34
562813665
868163192
16796706
64691463
1597
291468813
3524811
121393
498520841
776034858
236744854
9227465
664331254
874312597
406549187
795475893
340507940
465355071
843455684
914206935
426745523
85004260
829232876
741731221
78568736
969010674
1597
992858000
529424794
164702711
469509518
220280754
663951352
182546844
793470240
711305021
297087111
555014431
324576
315452045
580952189
283846997
325832082
544929199
210259316
1
2178309
873885481
322454346
900661396
842115035
285110432
845316213
973840421
2586
491990096
333496981
149807819
10946
390892236
844215685
658247165
804023270
270944637
399690266
559933276
1346269
289451105
81896650
63245986
46368
233022656
320182624
737926917
987
106750883
519942896
430865830
377
599770024
170494899
601952105
857848199
527499380
995454655
864528266
973336319
307052871
17314818
80724009
114964384
754674138
9227465
921247965
765092850
1597
545212207
779504738
10946
387628328
283999899
965521474
288683084
486175745
637325862
302007343
176066146
440312561
531419670
957513930
52112132
317811
895272817
275136389
14930352
811711367
328082058
314915237
9227465
2
701165310
557907576
65095340
760691886
783591932
713806849
654578690
787955512
291553927
446407410
1346269
63245986
359898864
5702887
538890585
868635844
9227465
2
849102545
610
375662833
398530393
8025607
722525263
10947
958193655
477556232
315168703
99645
881139823
210369003
24157817
663647070
571479603
674370530
431347082
930493790
14930352
342964199
810942863
267914296
377146584
433019277
194705153
201836070
483340032
156683796
584710172
2984
180705359
388392100
497806895
610
888798904
347176746
579048937
251998079
22879
699148412
674704813
719218735
5
689236973
192903337
109044754
115615832
863494056
630379877
832040
834790803
921757750
546348214
911217654
68547184
333382740
631670645
265367559
106414323
1
186986990
775148179
754848735
17711
673711885
461464529
911299417
370938057
658725992
480374525
389400098
675117335
536298769
304743349
504883051
10333320
121199279
967587882
754149488
473459087
775775543
377
282402374
326400685
701157784
951991971
802777119
233
922368959
361131710
165608798
14117928
303399531
658741969
487791820
124517843
127280930
236813219
138721808
29144272
2
6765
433494437
668743412
679819857
850028230
67534454
584692169
4181
32047818
313661163
681047164
195637196
460622909
58230583
17711
464949006
861842635
534885412
99621563
502856029
623290224
656529915
541639862
42728247
676577816
121393
302239172
99434753
164335521
213175091
2
286968905
89
987
430218165
8
919442354
818428743
363201189
55
40503548
659586943
979831906
610
96640007
221820068
199620034
32726464
323705195
46053293
40303385
947655691
396881244
889671310
754243183
3542289
522368340
992586205
34
211400879
858545186
506302775
841726490
401629608
39088169
222487015
32
642337722
724750051
121393
121393
1
236836988
166591096
395313089
647407170
144
339929370
918633544
520227480
960560793
439138823
848398086
196418
836700774
702083213
544429446
208846324
126711499
664256664
437256189
63245986
945936584
711707320
182008140
34
910070186
1
883503603
590017332
700127146
514229
327871979
971265290
832040
92990098
43115806
774345244
793558480
726821872
424383941
815816818
34
8
987
36111795
775109601
596764619
819627688
34131331
157893708
571827168
673352629
433569839
122953499
319433109
4181
828793769
101190905
5702887
89
97
594556596
610
252528058
55
24157817
79395570
589597866
112719403
66289889
904771565
1346269
28815512
705410029
121825481
832040
308953368
165580141
387793662
52923548
866830325
468898112
988865685
412530389
643934930
483143069
167671031
947504191
787334314
812521952
39088169
585986936
4181
150650341
57787991
263270091
929689667
144493995
82069689
156081800
464339650
205078477
1346269
675754867
979449578
520986072
642257925
13
6765
279043526
707709798
118577849
987
188975681
3
825880385
41783412
668286239
88645189
21
843532307
479372059
906446909
159527188
662519093
317811
8
318222243
457655409
359050074
991898786
238717073
317811
205480208
420751614
514229
140712921
586115415
887685441
701408733
714932824
67859719
450994187
10946
755321544
233
126456533
943100668
73844526
685373212
14930352
282996089
620072773
268873329
8
14930352
833197977
897239428
144
815619874
641554751
144564996
255521799
525756948
514203391
118048912
952064893
832040
1597
743310668
829776140
46368
18969159
39088169
788929948
21559188
435856843
9227465
657921821
198015
322075617
32611659
729908499
829250112
632243494
664197558
806763403
802240112
627084305
982460900
241870685
855119088
39088169
278704874
488169416
748581911
2
541956336
288101275
644125443
391215315
940266905
798022314
8713107
601351570
344221279
485353809
394848480
182714117
44270299
352683294
222620138
619831885
819885649
9227465
472853459
75025
72628438
481133435
6820
420934970
1
304592684
109166927
46368
219192499
662352797
136296444
825760718
993291433
164319186
320823478
795114698
3524591
162898491
371341928
943942174
55
721377669
674135086
903117717
75025
977165680
325126182
745658852
28657
39088169
503967156
4181
247186653
898807250
412479305
641598572
750656879
159485895
409322883
89
839885693
291495784
448257384
476181049
343803317
338180782
501203699
461752855
281688754
683627780
1348853
300776511
46368
646533240
982642989
218322598
855016099
946138561
478462474
75025
871727404
837814
428014309
446218761
514229
243804580
734973886
611065819
207943337
149368498
517455824
281070927
24157817
925605748
774379976
118952916
292074697
265871220
399063815
85781276
9227465
158490483
752279050
502503730
912525268
815582205
386047083
261363611
137301683
648514823
932998840
823239309
987
610
196833748
901390258
805796120
557201403
8434148
832433765
433494437
1
152809587
698606196
414435532
548790707
987
5
855399503
645897751
75025
379023830
675456175
876819943
363427005
742353991
781406204
557090766
787502549
551119022
196418
1346269
99879197
662615845
159990375
309657681
195957126
670967408
234099389
777306902
986176005
133975684
408118697
666174378
312022263
853991908
479275935
474074647
114492692
5702887
999953719
5
917375472
669957931
14930352
34203049
10223743
514858315
914050266
746192797
139832887
427526947
1222
142272341
353107023
262293960
604727601
671394996
206377683
196418
267914296
221690021
81221534
319715685
999527108
610
8659413
850751307
585931357
315185037
711150428
1
202839449
267914296
107254448
89
542615247
699824473
613029928
371242748
377
654334889
297149472
34
396687975
738015347
22071747
2
81831720
211011949
618541269
972070756
54449698
760233137
578185275
568581758
500943271
715831113
335668589
456649698
907751682
351399416
538658276
274808616
829890772
345645130
3
359305896
139008184
986567001
100734159
9227465
629990681
107953414
62145972
571039915
218147779
894929575
710534281
113846368
99943897
404307375
24157817
39088169
165580141
2
969527674
456827266
10946
195355945
739149461
714268809
763973455
610
1
968670187
611
413157788
686864490
607384266
965706142
54018521
185214377
484789536
291814035
144
21509707
14930352
899084986
294169582
433512148
24157817
844715949
555539521
329462059
856077848
156605685
983567079
28657
397009154
318813640
610577133
321722067
270740049
782808935
60513151
782205360
144
547747740
909557200
913204254
191526636
273195782
136697979
147323078
25060982
233
608851172
9227465
620525070
966844141
494355369
622777626
893801324
720662460
534677657
94942451
254714477
882703855
124043659
851682126
461556513
505310982
672816373
28657
625764315
5
218323695
549416176
565241752
865247510
20219617
360385281
992997219
886886865
655169415
242769676
332735917
998605010
348791393
743471731
363272747
349724162
39088169
496790839
325555531
460133119
177255541
96043853
420176845
267914296
507224562
126986443
406917622
610292519
883639715
433494437
941493223
43949298
203913514
235880477
522875998
876100090
414487399
926205786
168028115
334912844
173546073
626551176
6765
92066045
483173978
428220989
144
871202056
1
132253206
951707095
2584
28657
3
13
214080532
436603999
169508655
578231958
27682395
2584
862043233
982670805
534394709
89
4181
237998968
740496902
431158566
207512536
610346627
887863863
587086330
572741386
90983690
244914595
625534997
694437294
99600988
610
544831480
367248217
75025
317811
684851952
64866720
75025
179834148
91095766
562457069
782934739
39088169
102334155
321406774
593530255
364240295
63245986
945902790
386313915
283456988
2584
297872713
348617882
5
740469609
180318106
175107971
168757602
214237180
557537426
378832860
315233170
10946
232678737
2
601892718
727162805
71631985
689432248
121393
517233972
291911834
740625022
701408733
610
28657
709283281
571286780
889743315
57555263
73999152
721376614
1
57867839
49648408
676641783
102334176
615325029
429073727
21
365492712
319401200
17711
573883069
469299956
34
815174090
976685310
714986543
166128886
14930352
365497555
34
250422999
491681816
452254848
165789102
317986248
773606745
433494437
734501353
247330241
952682003
55
89
393219439
160728412
909851595
511205713
552057921
21
718012369
957946721
652757927
9227465
657844666
250268108
372946422
592902328
192753932
670182327
534370448
71050054
267914296
604308542
121393
422156690
609976525
612948440
86948603
482427409
46368
270805996
358093813
5
826348925
10946
375500080
231513413
652300212
476695274
5403896
825730759
165541034
992219614
228776638
233942652
257380246
684604048
199466883
17711
329324993
965705255
979143328
223238825
571851525
144
198003466
178582152
94722908
284692647
766947292
505063438
4181
685172558
702361098
419227104
711084914
643466202
259633924
817610044
63246020
269165805
162067206
88237846
514229
349104863
586429870
375071872
87127606
169373234
955355229
772444284
703644254
379585821
641202676
514229
1597
17711
650096063
14930352
643402008
824265111
17729466
267914296
637549594
34
608476971
268916524
1346269
124381540
21
304497011
559341573
556417861
422692413
407235950
89
144
566270497
737628010
412149869
653477618
210427840
317811
75025
42492317
814633146
187291
837209967
1346269
21
453361240
363856481
307692753
1597
734475996
190626180
439235775
867006262
593679748
91561973
21
55
6765
299001314
127627714
380408525
196418
147808441
245232579
75025
732888199
142622013
400112388
165580141
276481985
913052898
138053811
954338935
682491219
26014480
403051193
694522036
497683924
564699983
233
1597
931109968
828416370
743070163
998051774
95894928
183660817
708976056
354779899
987
25235863
550488386
438072106
334761247
2
475219268
981952255
1346269
751361676
510530410
805076167
875757544
301913749
661817344
997343266
535327308
416953593
2
593193478
796460931
433494437
51490864
75025
86050756
144
476676646
724839963
728892773
43397280
185946129
923617290
974435637
663853264
332747189
52635731
791531348
448792348
894630437
17711
521728875
202889612
559562294
487577192
388575653
3645971
422334462
855010322
594947920
764654719
201347275
17711
485246173
655068574
996540539
43495162
584357025
426753462
945089153
75025
818279590
377
964695019
144999985
66650592
479584082
438116430
554601926
659899692
46369
829935723
5702887
607002130
1
784119937
621460032
75025
425229836
3
997037749
551157409
610647708
433505383
28657
1
442791688
468702872
418700781
1597
433494437
857679796
469120824
14930352
17711
744324033
8
663366785
400828587
536947149
21
506207386
72300507
233
999278472
588825821
939423521
171593911
705976648
4181
2178309
888217843
979081363
233
515139722
305756101
317811
2178309
305712412
733959778
433494437
514084072
129293298
610
13
39021469
388585522
419011663
17439952
883589297
597086063
951056600
44964458
773452163
987
650946983
2178309
87261243
554805088
944568095
136235548
202957962
546301224
16597742
144
266774667
435634232
264592672
377225447
4207
2
480378083
33713705
701408733
267914296
550914097
545103794
701412914
203961332
46368
343737322
65330079
377
975862666
39088169
492459139
265786881
861256250
834677616
318421
1597
334573910
267914296
103934949
443990257
39088169
63263718
766073726
249898256
3524578
6599469
556058677
533227291
75025
146544378
46368
14313214
216475711
716542494
714893098
357885923
466364846
554335806
377
14930352
326998713
447751823
669920889
55
640691078
433525712
16216107
227307141
610052412
152431999
29731967
825001550
954408307
924527383
406750441
246509104
489004278
449015329
763734928
383523128
154495871
987
918298899
689979344
3524578
956182181
1694
618437244
859030949
671495725
5702887
895706898
874701271
6765
3
952161084
196419
811002642
140994387
9227609
5702887
702453302
145532516
325288015
697888924
488447449
177712332
62425698
34
814375442
317811
932246487
377
984854536
289087972
711471973
699901286
738279539
165580141
567572545
334497206
5
378811790
317811
768809240
325243856
165626517
385697401
572822491
831711459
397528211
8
891423077
4181
63248570
944967506
2178309
357417993
289440335
286996213
381458994
165580141
439805897
208756615
211267985
2584
244176948
36730424
446048886
632542131
430097736
753789917
283065840
897229011
4181
800467559
790426554
250576038
429757332
392687192
379830776
24157817
801639149
845820487
66770941
86927393
276621689
10946
610
104854950
146795626
551225313
830747235
754999769
650467700
397421107
801502392
101283283
12941395
634734044
63245986
356497578
211127444
805125985
293121113
514229
3525798
2178309
191605840
27226426
219659633
744205798
707716369
769389695
794599118
28657
232037871
488784139
4181
28657
856712552
556885516
34
205184449
121393
585971790
389655504
988100431
4181
39088169
410564881
134338410
127200032
769432304
94495768
197606379
865014078
758371179
400054124
751397291
242764345
3
758032275
701408733
408842247
13
936026829
406640064
913144395
3525811
638753659
726929038
612829579
292495151
433494437
184333079
384305210
216333458
665918868
514229
742173988
144
52150899
971769731
28657
63245986
590024308
409091468
474248531
312618325
653119126
599657776
428840889
774782291
719117086
214504919
193536982
538188701
970162336
817501917
269888
72788455
590791591
223496722
46368
823601036
928661424
480096322
418863112
21
75025
133498042
766937617
359700904
713777783
63245986
889691853
906241029
174669480
797995609
915077969
165580141
793966359
800936551
858108006
506009626
957689934
701408733
6765
17711
524370702
592065211
292531897
14930352
526638354
987
885243887
549846597
445107589
148131643
5720635
1346269
861481093
160593202
17711
527386233
50553222
225149977
881829370
566427622
464912210
604121882
749394221
860814237
563950643
858351806
410356930
260489361
486747959
467167734
453117865
400902740
823317681
720371582
836085724
66434159
142041369
508289320
583752220
220359188
184563988
153902501
39088169
4414
393902381
824884579
21
348084808
777347539
494416591
8
832040
102334155
4181
858672948
738493199
864818010
630440748
2178309
625762032
923330607
446471002
987
701401283
402578094
168313774
63245986
8
962672398
165580141
261536208
869602449
554035855
508831072
914919501
750947380
811042570
642129166
770912196
363764626
49224362
165580141
169687999
927882283
196418
17711
433494437
21
845633892
588293274
2178309
643660238
583528804
966123984
253580174
835970255
2178309
157794294
684895772
301493475
203382771
218842868
619376137
556435359
377
171968573
32828065
10
597748312
832040
5702887
856211493
3
919846806
2584
822596260
322242354
3524578
718302990
579561568
281011797
805318502
324089625
433494437
36008656
912391685
785888097
102334155
424064617
198112186
753187367
34
987
513371323
989347268
606256917
24157817
102334156
430898460
474276836
371367349
368054465
514229
659848134
982697034
444992776
199012787
552975984
282305698
110937369
714256735
188250215
28657
965397241
920092059
55
591481577
14930352
1
753969660
13
1346269
144
1
176453885
573244850
702638406
1
87047923
878712355
221102780
994502511
63245986
14930352
137989463
14930352
139783177
102120305
72576981
463719041
353785217
17711
826944490
653563072
735908252
974757832
264377524
910184817
909660453
336628949
85149300
13
77111671
268757282
433494437
429712151
614582322
661781623
701408733
75354983
144
531809874
812360352
942594165
267914296
451693480
37362668
89
786305495
371661315
19191663
18088
395089556
470911424
859084498
220269604
102334155
785427055
176078704
6765
246973022
668958278
275133508
209379702
319006278
3524578
365100863
46368
940195982
346728925
686090679
377
6765
10946
937700910
377
459807018
63245986
248818738
324576
34
108861150
610
950327656
832040
978888978
3
823463868
189832928
3524578
938926517
845573021
61928978
137280835
53046288
297018097
473954644
192666451
3524578
997548979
748556632
647424654
432787202
479651589
970189739
885418077
81321578
6765
561449162
229031069
369946546
201140749
975685399
34
516084792
392055950
949776257
185155584
205432821
81591070
14930352
403288052
886231138
211675175
317811
337738224
815003167
1346269
182718216
500772963
160158728
768497145
930620049
944569506
196418
433467362
611634966
34
280561772
88725237
671859272
687704791
883535147
1346269
646033602
377
543135684
689479882
433494437
706948380
452912314
52652066
964530633
980125932
623755879
53857483
55
46368
101808917
80047031
196418
102578911
530291004
165580141
442019628
39088169
14930352
105745937
167635188
412193002
238763426
532565674
786648230
2230127
490985634
636237122
236681888
1
1
115895964
369583496
545293077
628682481
768999448
696630900
9227465
944591193
414121401
907295585
734704876
734075903
841191226
667139378
710649319
342141037
423196742
280979826
641424644
766250670
1597
121388308
8381246
319894162
160482856
659036706
34
807134850
10946
165580141
6765
17711
1
102334765
987
284748755
412733599
5702942
701408733
897193446
14172344
9
299218401
514229
59799256
465619018
196418
222899269
951457062
604210105
428528772
1597
610
776980812
245362071
15286423
607302368
677682407
219345959
856035190
8
9227465
2
964210335
508824463
231417053
13
8410662
775901294
139615967
697795163
94830567
292139099
317811
410069674
767323726
839310387
272438793
265459900
701408733
541365565
196418
896439377
204668310
651966549
370644446
40534984
482749952
224131084
844575320
11594919
102334155
602530431
675994237
111108454
5951991
441387929
514229
581482124
144
651436688
511245425
801911899
701484368
493550846
911864721
81803697
258795872
942046598
785297155
898363982
254117752
480318600
780073063
519866160
1597
895209876
986166367
24157817
431255505
40671574
686192196
465770291
755427774
789162236
144
928314093
635675792
901809752
708128284
34
991406273
89
975358952
165416315
839903833
143362462
924686452
482900016
987
134012159
160971573
929509604
57812195
877284729
267802912
859299449
291297046
544323651
370248451
893644987
243783772
37202431
2178309
43817481
885609465
425009342
802869173
848216917
617583475
280755601
625217604
513370220
871934691
433494437
152097014
844133484
392513116
985777669
876290832
557205473
831799761
379958193
686697562
200435338
139197272
108797904
753387969
385
731615997
932040036
34
377
451341209
383943357
316188739
181296357
274981519
652988116
17711
687898313
578915806
819020372
283419421
144
52467339
279519010
978784619
814216027
678053614
207704062
564358510
53945410
102334155
1346269
129068048
513227627
163652656
89
63245986
221630732
178552237
515816819
398178931
769937587
154009108
24157817
443213218
141887508
529016776
468170622
46368
267914296
884401646
596251110
476073400
529122003
490658324
624535115
297686395
475624326
832210398
910037545
102455551
63245986
385713851
611425765
921646856
144
14930352
373552418
21
505045528
500827175
479935987
198051468
34120710
431929505
630885706
294871649
233
296763147
221806912
1346269
81790883
569952220
537440335
858899163
686363186
251404483
939483499
903540274
75025
165580141
882451528
121483
382007822
10380927
466672968
876381487
313675072
558182063
572117492
343004240
144
857586734
339678770
15329059
861551754
75025
29860793
91261158
78176338
575304750
126342424
879732283
74540920
40916694
550539345
161428466
63245986
103451859
943834317
196418
398236601
808138284
75025
2178309
46368
933070163
49259011
526268333
539988659
838304590
700353966
281572072
959296230
783121239
248288833
725534278
17711
419148602
435187396
407063227
328401269
19986944
40135863
452465109
672052971
102334155
48118981
2178309
9227465
133281364
317811
317703497
983101390
320395
457321626
72849352
833211454
233
902063448
638487897
555542948
361814656
523428863
317811
268035778
318104460
400823354
607196830
5702887
2178309
144
201980779
665289260
668537649
385530907
682526255
237988770
823274559
721595629
832040
317811
448394296
867014665
624445246
970185846
625204098
960387799
595672035
755467275
39088169
11212337
592310780
863746348
231400928
536182972
528020336
121393
636861188
559276311
433690855
878421
761157681
405107184
885384937
432048369
161436005
591704439
495572901
336223398
61436725
28657
673168811
994531743
386463945
103014461
515744118
599061202
795078320
405009784
223194218
954858236
581182056
121393
89
905423595
324802880
956658423
139645690
39088169
100288081
388275288
416511292
63246986
728389828
150891858
21
58172580
320395
271265531
243072943
17711
708162611
294634868
196084035
184229796
904264752
514976564
701408733
530274931
768672223
642386905
989267796
285330993
63263718
63245986
526134241
936160388
294345294
691241044
901609583
561512662
649585548
416040371
196418
519031996
460221387
639008470
146104377
17711
226382878
772857741
616370182
5702887
149596993
170820816
799531673
233
701408733
4181
563097200
94
456451750
1
464738314
358152068
218955410
549800666
5702887
808954315
965120135
377
196418
131302579
937898176
720674254
55
433494438
430699356
250637941
705090957
14930352
144
314046661
34
843084426
444661291
3524578
4181
911600715
930144863
855130845
227625444
724508270
165580141
321382037
887471660
185145914
587652369
728663087
496197047
297637843
19577062
633366897
978478451
439931008
14930352
911950058
443545463
39088169
328605903
123916244
947570156
352791570
32318847
234023281
556468830
165897952
40362003
514229
951166079
422044880
467835858
226627533
714893065
55359796
552208753
329455111
55
196418
721646178
627101367
475033316
720197325
359145221
286483340
986946342
713469037
648624203
273060903
1346269
53744121
1597
873180917
763035318
389706618
449016153
968047917
2
241169459
657635730
970290799
303820383
886242109
403276824
7335162
991336113
897573560
393823
239501939
267914296
710147404
987789119
870239494
893626488
610
679965302
3524578
944305174
390379548
55902607
34
49925937
153030681
239230354
260148107
433495081
863678445
982415134
10946
340947886
28657
614433853
485932336
21547820
441212952
373984415
142228114
317811
190394259
977948950
218499272
89
377
585923697
334896236
377
862619433
418627104
525993977
480073713
728608381
356172567
852864262
811072891
10946
245048976
85719370
667923237
865264082
1
57041305
830643403
6765
2178309
475824717
239658139
5648238
618258749
79102543
588523629
440714829
67118404
174824614
283048324
196589791
602823375
692175879
474368755
902249828
81814238
467146083
882321617
45749184
997580480
10946
102969090
394223416
812458365
363309856
832040
859901954
678375510
494044059
786565681
297857970
957742207
829293682
389494766
34292936
88579725
222071604
1346269
184631190
1
176801869
835775427
404707444
687423165
218732278
5
9227465
198809498
758548967
372416578
12175292
889775928
158662366
451666480
165580141
802549220
144
440258822
465076414
188684865
583268657
289033886
555817518
283138363
717334100
55
610
721053202
165580141
608880395
879755668
89
377570407
46389
63245986
262456459
883221806
407428005
55
782470818
33321312
981754861
111649752
835643008
123601762
434503786
926886455
28657
25380199
638985704
39088169
242561232
2178309
575818127
870742398
490707235
2178309
810062038
129137092
39088169
964918094
24157817
950687826
305167208
987
333554432
506222362
127386858
889161335
28657
2883844
671166099
308904089
723598476
305120043
2
921380925
419940941
702302546
35832255
345494523
714980898
212519912
641717818
335008991
431381017
827515503
3
543858316
379781968
308043679
344042540
747824009
144
896765257
32692399
5
832849605
274042389
13
361302952
692781188
760857666
680314743
622549659
233
987
282999256
132145463
375027860
408145429
836518203
884938809
911611451
774527461
806970317
17711
396104890
633942178
258167160
132676586
966099133
202158895
29418282
396088164
924766138
233
956727120
89
194055663
968127235
768367513
34059833
801355553
5702887
469648391
355524239
659214315
49727607
38035373
797557563
981368966
144
450073858
887121963
46368
190165858
360967104
150412208
651122839
329672522
133277324
77067988
817779830
373803567
959953390
292664088
588111086
823050948
28657
179710982
980119648
546645564
428366931
20413865
993097682
607383187
26435826
974356254
6765
287264189
10946
428504062
710745979
6765
559921582
3554222
407906528
846018980
158812230
232832984
796429191
3
592114987
417479269
9227465
470569823
578668414
165580141
69647406
167201390
128208821
691212058
309634943
398525989
959445231
802861224
333797176
483193503
367632482
568597389
822429939
565512070
102334155
14930352
352037250
511577619
285225013
408239011
466950872
832040
866870080
28065369
233
400569816
995340252
734796501
1597
121393
195738472
336897795
747656225
381093132
941255194
973399439
568023697
279849584
121393
75554235
8
395344555
124097072
121393
268746569
982592543
116914862
595752810
65019811
643568210
10946
936939092
753986900
34
436809863
746347064
879715027
377
211272775
594558218
358514322
286474546
535493595
13
407539490
972461822
17711
838881
650956158
255128095
25634847
731859383
46368
952239988
875872860
219784841
174807614
63248570
973792853
35213181
450602138
64592865
931874417
832040
9227465
950098960
17711
543882552
732029051
180966132
4181
144
179895855
196421
798732520
647445626
832040
131366822
236148189
173302143
591766337
782061582
479835950
19593376
21
987
744408721
657942541
55850142
108552590
432640765
399463099
701182330
40335944
799295012
3
765018400
28657
24157817
22826401
13
8
923263220
605739720
491018237
891270459
135688128
528944436
52650141
533928148
89
63245986
395827160
594806933
261391184
2584
516506370
254348518
47740462
689422312
813028753
21
832040
492876381
792466735
711618494
26414010
526880630
763815230
39088169
809567703
510778284
648858284
317811
388647496
17447726
137162822
86021305
770384013
34
61247104
1597
176350501
13
599515938
433494437
461860858
178624336
987
610
2178309
30070621
893142782
829138738
888983005
632793213
593851186
204666475
46368
718788002
987
49261429
630198382
177029036
178442400
803452138
552732070
971239358
7989631
165580141
503655318
534645327
34
843318184
615600056
966428507
977289187
76
881111663
414400264
786889015
75025
2
1597
2584
408223778
57561416
314815083
12573166
199322828
480653034
581524814
279758923
17711
921696655
165580177
413015703
654835345
670556528
949556764
719706482
793299432
930470384
158165454
167524603
34
290659527
88634026
820434012
583900287
995520632
978469766
6765
214350992
507569738
954703095
21456449
151273464
253893395
19751715
761159854
740876771
121393
196418
20371434
29617723
960976125
503884117
446475449
562108833
12476780
459978910
301105932
912916751
771392490
307801491
501340589
461367330
55
517893721
39088169
612504705
89
212297527
639848725
411702768
715045461
487318679
880612696
529567231
8
817332049
644135933
10946
75025
994412665
130471795
712379351
225872542
433494437
147451546
582770615
746462263
14930352
226939695
72776819
112479897
21
441535249
600543676
978445470
153155298
626629559
830210662
9227465
5702887
768244962
433494437
28657
542630794
701408733
196418
82057970
512246501
607245352
795329585
28461405
748352249
304895588
111625982
410507690
838808
254522639
266649300
5709653
75025
719105046
42207567
433494437
41393247
634155528
828826357
391409303
351063043
501349223
393930842
744067761
397392611
196418
982421323
879979875
494057240
346231133
961022397
607133332
244945122
832040
945631808
116374100
185333625
712277678
556073734
971151502
75025
188037706
636893675
694020521
933091299
142872869
669743971
502108673
89
447820645
752764295
459822672
317811
750663647
800108480
123174923
548984144
711951523
270944680
652462074
493552331
196421
9227465
43669124
268340834
823596378
666787173
380030196
290098752
351633827
293188765
206118818
960548435
787444302
868580875
123855949
517142902
121393
6765
668282315
543766508
858356106
968098384
102334155
830527398
1597
13
843758572
182546019
934320314
317811
985115324
436194987
439344567
1597
744242501
954617743
2178309
310220242
901747832
331160282
39088169
179566902
4181
916084333
430532506
704012623
581902323
364611164
172250160
150773637
433184360
565257559
451610797
819663851
835898491
247988474
959722565
510126057
696590649
1346269
439204
89
423591879
740324525
770984545
751513602
400907850
12414291
796028455
463134160
317811
576499751
5
539536180
130080232
102334155
641789837
338609490
63245986
711804257
3524578
639111662
4181
192047675
335469113
413178199
798614874
930189666
124843965
24157817
332270042
217425018
267914296
766946552
144
706389784
165701537
525457524
56136514
720607360
730737253
2178309
47685126
775913766
504528611
486520734
411244897
657541889
34
133638978
268724646
193716072
779915309
631254632
424109716
514229
551858610
55
332220073
870670744
663619787
13
144
624317764
402587184
71989956
782357261
152802698
306289394
482554922
214734240
768118962
55
2
277259099
433494437
377212313
862326617
394159863
56529613
785496602
54534488
784041185
215861071
75913120
230069053
74539262
180241956
887257645
316639068
828915617
34
361057306
34
186476071
200846247
801402056
6765
202006944
9227465
486966705
75025
365796041
264960668
456391705
2178309
82929633
49777395
484193511
166445783
562694131
294920196
474813130
409067084
642294956
204766376
125195346
136214916
922587886
974454531
977768475
652694578
34
847765940
556361004
11938
85673423
419845543
28657
28657
502557282
403613868
99963615
159398798
883596211
58246075
921057784
356374427
102334155
406048779
318812720
653453387
347815270
39088169
832153490
594685034
2178309
688975031
336944528
55
39088169
578052196
551118638
265975477
759197822
747541269
860484289
718623575
666523000
2584
698134844
32957554
577193951
691413659
592374537
887633900
732375019
81306474
64851058
690730412
309665835
108603295
426972649
607778072
775109245
459132157
131385921
407747544
232509841
882720709
522599465
63263705
302546000
484273344
77625316
589599272
200255347
267914330
750918922
619637983
379977291
97429200
396591276
834256548
813191010
938295333
954711682
655843069
985970159
2
473826048
90958996
360571104
731899645
710718323
2178309
775628951
514242
121393
267914296
75258
792902000
306081893
849138015
306174907
367012900
79111897
84919266
9245184
279405209
267914296
517623364
433494437
730856911
701408733
708168847
97439305
845953669
98539422
279104488
160317254
610
102334155
620434407
765214751
137915649
805261824
759690917
233
21
1597
180882961
582625376
466323143
233
765863954
654898815
655985338
698942270
889303775
6897888
91100500
936953041
91
197571177
487419346
835514626
21
938419782
8
965253538
327417623
478889720
951529796
136895884
233
317811
317821
943798748
1
762617517
974909996
104468742
370644283
457769602
24157817
327708195
696547341
320372516
711511223
4181
4181
901254833
296635831
322581137
21
721182138
832040
930177632
688966071
327759001
165580141
499140435
532787689
9227465
665380666
6765
144483117
831223459
205395524
393353478
22515889
745790407
817960212
537776564
250609125
514229
200905514
969219645
995468026
476179686
874000422
130002099
203158408
19894983
832040
14932991
1346269
954781695
392891531
14930352
553510508
34
377
927046717
890255485
1
373120529
623887256
248129211
817392509
319284889
840029203
24157817
899282767
856029776
55
880225471
462255142
959925244
602900062
73040776
300254137
807183888
6765
212936609
241266254
817132252
624151607
167200393
977247315
196418
20883470
950100053
201388448
206870247
653457089
106293589
55
